# Bundle file v0.3
16 7057
2826.526836150662 0 0
1.0 0.0 0.0
0.0 1.0 0.0
0.0 0.0 1.0
0.0 0.0 0.0
2826.526836150662 0 0
0.9543611995834247 -0.20721942765692133 0.21506931331834514
0.2019947747104815 0.9782942462681845 0.04624368830690575
-0.2199836623918886 -0.0006903043548635111 0.9755033120192618
-0.9570563422176741 -0.14015525930642903 0.25377088310063034
2826.526836150662 0 0
0.7486605457445219 -0.4960977126585244 0.43976635471633657
0.512621576600681 0.853830660843952 0.09051144571938124
-0.4203885184551867 0.1576713737422251 0.8935397201318432
-1.982999102502471 -0.37974568090431615 0.9651794249003947
2826.526836150662 0 0
0.4339463388302611 -0.6847277679185011 0.5855240890494254
0.6826301156323007 0.6740289741866976 0.28231377435162425
-0.58796828166802 0.27718734783206694 0.7599082010046876
-2.2517368371598043 -1.078086433258956 1.3553679327823522
2826.526836150662 0 0
0.1595788691186116 -0.7396094027953269 0.6538444125536018
0.739745909232646 0.5281708989393824 0.41690705353487406
-0.653689968031016 0.4171491733304819 0.6314079449019506
-2.3817588903972355 -1.5271749046287888 2.202234907332489
2826.526836150662 0 0
-0.17957130659663958 -0.715190552894066 0.6754677038158493
0.6919077358390519 0.39627126595754236 0.603516999646641
-0.6992980987627898 0.5757356657594586 0.4236869271517124
-2.362696439749389 -1.947076398875052 3.221613058316442
2826.526836150662 0 0
-0.6160575040351399 -0.6054674927516935 0.5038673108497627
0.548826171297725 0.12891496304079308 0.825936296576722
-0.5650336144165882 0.7853598204168383 0.2528773755284516
-1.6649856329694417 -3.1735523605732974 3.6455606876163182
2826.526836150662 0 0
-0.9447697646215248 -0.30774916928752827 0.11269667546039132
0.13770013462810698 -0.060704105956410404 0.9886119989376186
-0.29740337049265214 0.9495290729213451 0.09972850593857863
-0.03263764669960077 -3.6005896244380016 4.119682101749883
2826.526836150662 0 0
-0.9871672707241427 0.042482698175311 -0.15393505113128925
-0.1579188104915518 -0.11654801163191975 0.9805499529741353
0.023715583568205967 0.9922760610537729 0.12176119971332422
1.297816554344952 -3.3987035840739286 4.021397401716192
2826.526836150662 0 0
-0.9531061156118474 0.22882411429646432 -0.19806124583000626
-0.21945722033557036 -0.07192842367069607 0.9729670242669244
0.2083920843647389 0.9708067915835197 0.11877252455611143
1.5331232679978322 -3.476997092215802 3.725982744409566
2826.526836150662 0 0
-0.7277733295617171 0.4933093835111955 -0.4764365990543301
-0.5168528554025187 0.062108215067087524 0.8538183035537733
0.45078720771658487 0.8676338062575618 0.20976766099210797
2.2984524968699054 -2.826444517948239 3.07363340500759
2826.526836150662 0 0
-0.47468690628659854 0.6582419207422662 -0.5842858159989769
-0.629338119417357 0.2102494195654585 0.7481501941593094
0.6153095744812384 0.7228504377462326 0.3144540859995262
2.6250380032876364 -2.3555810481594563 2.4924675575407673
2826.526836150662 0 0
-0.14179466848542716 0.6918807028032741 -0.7079515273502527
-0.7797798407896024 0.36248592507769206 0.5104383939504475
0.6097849390459315 0.6244237721363735 0.48811605270031055
2.6950740644761817 -1.4883049277755735 1.4149964962528112
2826.526836150662 0 0
0.26566295865262995 0.6625272748203118 -0.7003433461660802
-0.7084463497919481 0.6268578485802303 0.3242730441153408
0.6538554594605719 0.4100083508814621 0.6358979401925031
2.6645462274903395 -0.6241043862142945 1.2973220966992698
2826.526836150662 0 0
0.6551096675459128 0.497802056893247 -0.568352386852326
-0.5614656779101457 0.8241256315439072 0.07465410880357852
0.5055567386721139 0.2702037297766418 0.8193914378354263
1.9087857122882645 -0.041635102085012504 0.7109492010797641
2826.526836150662 0 0
-0.9162625936501197 -0.28963368507376536 0.2767222216377757
0.31857990517807006 -0.10810329553470599 0.941711485281595
-0.2428367836516685 0.9510131471042483 0.19132247787592993
-0.8721460308419487 -3.7056202445174167 -4.741825762170529
1.1467685605769635 -0.9035781114449614 4.7534794699284255
97.0 149.0 132.0
2 0 30 2517.2490234375 832.8246459960938 1 105 2656.02392578125 1020.6964721679688 
-0.40711759236415057 0.43840641451469564 3.3966353651034367
53.0 120.0 91.0
2 0 274 1496.5384521484375 1734.505615234375 1 268 1289.6044921875 1651.06884765625 
0.7074635681170371 0.8280745642455521 3.019230823395641
166.0 171.0 170.0
2 0 336 2497.64208984375 2144.98681640625 1 367 2017.2613525390625 2254.705322265625 
-0.2035483512149613 0.8478204051899805 2.997337423663309
30.0 22.0 146.0
2 0 354 1643.3765869140625 2169.19287109375 1 345 1236.6646728515625 2060.224609375 
-0.4400208624148027 0.8690761172867599 2.975293780407457
98.0 94.0 207.0
2 0 372 1417.29541015625 2195.124755859375 1 339 1038.16259765625 2029.58740234375 
0.9179522693899957 0.8737360427055456 2.9721272691406027
28.0 45.0 54.0
2 0 375 2708.310546875 2200.573974609375 1 396 2196.59326171875 2363.936279296875 
0.7122353814670884 0.8976088931082157 2.9456315139326024
80.0 105.0 101.0
2 0 404 2518.763916015625 2230.96630859375 1 392 1997.25732421875 2338.947265625 
1.3281872552296392 0.9346834116164814 2.9145255669270784
33.0 45.0 55.0
2 0 433 3123.399658203125 2275.801025390625 1 458 2584.820556640625 2557.10986328125 
-0.9733185075931823 0.9441171154849932 2.8950778450084877
153.0 168.0 231.0
2 0 438 885.058837890625 2291.61572265625 1 330 582.4353637695312 1988.80712890625 
0.9337513100523936 1.0539571321362653 2.7943887989608536
11.0 29.0 36.0
2 0 484 2779.8310546875 2435.978759765625 1 464 2158.06005859375 2601.65185546875 
0.8444815202844922 1.0592093026484604 2.786821320390746
110.0 136.0 142.0
2 0 487 2691.831787109375 2443.7373046875 1 461 2067.329833984375 2583.24658203125 
0.9350048189684912 1.068198225243255 2.7793339221750717
25.0 44.0 47.0
2 0 491 2786.194580078125 2455.657470703125 1 469 2154.55126953125 2622.7236328125 
0.8654123786054809 -3.021614079101053 6.82763434031173
54.0 60.0 73.0
2 0 603 2193.649658203125 119.58466339111328 1 602 2660.48291015625 274.215576171875 
0.8066274252001945 -2.9568129251901634 6.762335703980321
54.0 58.0 69.0
2 0 615 2172.563720703125 134.92970275878906 1 615 2631.389892578125 286.07159423828125 
-3.7321313512369847 -2.9620159219215902 6.7990837968279205
133.0 128.0 113.0
1 0 617 283.82183837890625 138.7677001953125 
1.5041630878194387 -2.942514400656786 6.752810637302986
45.0 49.0 67.0
2 0 619 2464.9609375 138.55044555664062 1 662 2938.01708984375 326.674560546875 
0.6963003329778588 -2.918512024404273 6.715298251446293
47.0 52.0 67.0
2 0 621 2128.439453125 141.76255798339844 1 618 2581.552001953125 288.7254333496094 
1.182494371516624 -2.9095290714882336 6.719174718033043
49.0 61.0 71.0
3 0 633 2332.826904296875 146.6534881591797 1 654 2793.108154296875 317.5240783691406 2 1131 3385.42724609375 595.0658569335938 
1.516223883473832 -2.923054777215915 6.7512285902348115
155.0 156.0 160.0
2 0 634 2470.1845703125 146.76097106933594 1 670 2941.84716796875 334.9244079589844 
0.8589690920579507 -2.8691415153445488 6.66714238074311
41.0 48.0 65.0
2 0 650 2199.5048828125 153.6243896484375 1 642 2648.873291015625 309.2600402832031 
1.5588311650950675 -2.8758247974025037 6.692072481612832
64.0 66.0 77.0
2 0 656 2493.7939453125 155.9171905517578 1 681 2961.344482421875 346.9727783203125 
1.6865649110017114 -2.8536437905670526 6.6676681862689895
52.0 54.0 64.0
2 0 663 2550.298095703125 160.15724182128906 1 695 3020.03564453125 359.935791015625 
1.377226554884041 -2.8487198609740454 6.66492297073969
50.0 56.0 69.0
2 0 664 2419.443359375 162.25770568847656 1 678 2878.07275390625 344.3207702636719 
-0.14915241007053756 -2.809304906914131 6.594307365940443
145.0 160.0 163.0
2 0 666 1771.356689453125 165.10154724121094 1 600 2214.20068359375 271.3350830078125 
1.4077576729997547 -2.825290158969399 6.643854234997594
47.0 53.0 64.0
2 0 668 2434.284912109375 168.39918518066406 1 690 2891.186279296875 352.3276672363281 
1.6832977155694304 -2.8836666696549154 6.786477236037161
55.0 60.0 75.0
2 0 669 2536.3740234375 168.2147674560547 1 2852 3011.21484375 368.03253173828125 
1.4369034386614827 -2.8094771540952626 6.625727089898946
43.0 50.0 67.0
2 0 673 2448.33251953125 171.53163146972656 1 693 2904.2568359375 357.8964538574219 
1.6102304213687006 -2.8098689110098647 6.630767888253602
50.0 56.0 69.0
2 0 675 2521.78369140625 172.70082092285156 1 706 2983.770263671875 367.64129638671875 
1.41881203385889 -2.7987852091079297 6.625543070883301
162.0 165.0 170.0
2 0 682 2440.677001953125 176.6634521484375 1 697 2895.041748046875 360.8622131347656 
1.590446116435249 -2.787519306956298 6.614327525806445
149.0 154.0 157.0
2 0 684 2515.027099609375 179.1665496826172 1 715 2973.85400390625 373.5174560546875 
0.8312621941258946 -2.766910606666746 6.571422031055959
101.0 107.0 106.0
2 0 685 2192.92529296875 180.32139587402344 1 669 2630.1162109375 333.75018310546875 
1.638457448640868 -2.7699855679642553 6.587689984860279
52.0 57.0 66.0
2 0 689 2538.363037109375 181.71121215820312 1 720 2996.7314453125 379.3831481933594 
1.5614230943853913 -2.7509435614330684 6.570245926181665
89.0 93.0 94.0
2 0 693 2507.1015625 186.91339111328125 1 723 2960.44091796875 380.2078552246094 
1.6228201293722506 -2.761520541230081 6.595629118001122
166.0 170.0 171.0
2 0 694 2530.838134765625 187.07102966308594 1 726 2988.01513671875 383.26361083984375 
1.6484492593918518 -2.7469182552793407 6.57162008449806
165.0 168.0 173.0
2 0 696 2544.401123046875 189.01185607910156 1 730 3000.625244140625 386.9624328613281 
0.02081633360940463 -2.7181500103885985 6.51242987557468
30.0 80.0 62.0
2 0 697 1844.38134765625 190.28909301757812 1 632 2274.770263671875 302.2895202636719 
-0.6069155126162623 -2.5773633051944214 6.365734483171076
59.0 93.0 83.0
2 0 721 1565.808349609375 224.9127655029297 1 636 1992.459228515625 303.9296569824219 
-0.5993868604711506 -2.541148865465137 6.32952693571203
161.0 172.0 169.0
2 0 725 1567.6409912109375 234.69839477539062 1 650 1989.8603515625 312.9539489746094 
-0.09471525372741842 -2.371359545750496 6.161843794149158
21.0 94.0 54.0
2 0 745 1791.889892578125 282.12249755859375 1 725 2181.134033203125 383.3646545410156 
-0.3086547781406163 -2.3210173302498407 6.1187815509379195
154.0 175.0 167.0
2 0 750 1692.7296142578125 297.3705749511719 1 728 2080.2744140625 386.3142395019531 
0.7596347494402662 -2.050969144953097 5.871982319303303
119.0 87.0 118.0
2 0 773 2201.041015625 383.27520751953125 1 770 2542.857421875 532.52685546875 
2.0855435014143184 -1.9865139806759855 5.8262039306930244
152.0 171.0 174.0
2 0 786 2847.17431640625 406.87506103515625 1 2977 3227.031494140625 650.6184692382812 
-1.8399876862689946 -1.9426219285273547 5.736017055194924
42.0 101.0 150.0
2 0 788 928.5960083007812 411.9590148925781 1 742 1348.704833984375 400.3152160644531 
0.32686039197247263 -1.8147740838863282 5.6289245279100735
80.0 63.0 130.0
2 0 797 1999.450439453125 458.3701171875 1 776 2304.346923828125 578.4290771484375 
0.34634866583478074 -1.8123248054239849 5.626174398661474
165.0 154.0 187.0
2 0 798 2009.3250732421875 459.205810546875 1 777 2313.655517578125 580.4996948242188 
1.8104929435422137 -1.0945384489898693 4.946370461441428
7.0 18.0 38.0
2 0 894 2869.952880859375 744.930908203125 1 3234 3080.02880859375 997.0880737304688 
1.767916364906431 -1.0721170240965032 4.920770312123747
13.0 21.0 50.0
2 0 898 2850.875244140625 754.5033569335938 1 3243 3053.42529296875 1003.2592163085938 
-2.896689863459645 -0.8354650333712687 4.634582514409029
32.0 12.0 57.0
1 0 1017 68.69625854492188 860.2494506835938 
-2.883201074788925 -0.798606995034093 4.578387576243125
35.0 13.0 65.0
2 0 1052 55.34798049926758 876.863037109375 1 813 484.82501220703125 687.8045654296875 
1.2760682736245865 -0.49980656975408005 4.343986338019503
29.0 80.0 72.0
2 0 1261 2665.612548828125 1044.149169921875 1 1479 2706.932373046875 1255.948486328125 
1.2643625863115615 -0.45415780248833665 4.304901577773991
30.0 72.0 61.0
2 0 1287 2665.486572265625 1071.496826171875 1 1514 2694.746337890625 1282.0428466796875 
0.8013969958069125 -0.10524888688255904 3.95271186763683
105.0 82.0 44.0
2 0 1377 2408.365234375 1293.9644775390625 1 1648 2323.657470703125 1443.46142578125 
-0.9638730670709179 -0.08090834539936981 3.9031970534373452
165.0 172.0 199.0
2 0 1388 1137.3455810546875 1311.41455078125 1 1411 1160.232177734375 1215.284423828125 
-0.7673903899282233 -0.0007910462261083535 3.8383951318456457
91.0 148.0 209.0
2 0 1418 1270.2672119140625 1369.7264404296875 1 1520 1249.5010986328125 1289.112548828125 
-2.0011980041125534 0.02723540952306675 3.791691475844179
32.0 42.0 59.0
2 0 1435 343.574462890625 1390.8780517578125 1 1286 511.789794921875 1148.931640625 
-2.1685292852792486 0.04998451722728665 3.7651827054465263
53.0 60.0 79.0
2 0 1455 207.43124389648438 1407.7158203125 1 1270 405.84405517578125 1141.612548828125 
-0.09750763409347596 0.05893954496114366 3.5591675501642315
13.0 9.0 8.0
2 0 1461 1757.86962890625 1416.1943359375 1 1635 1611.3406982421875 1417.37158203125 
0.37449934480901953 0.20869326604533942 3.410037257689009
10.0 11.0 9.0
2 0 1509 2145.729736328125 1542.4521484375 1 1706 1908.4053955078125 1610.5206298828125 
-2.041589052748611 0.40400839738361705 3.4107018214725486
28.0 40.0 42.0
2 0 1577 143.44325256347656 1705.1368408203125 1 215 253.25167846679688 1369.762451171875 
-0.8027431094086429 0.40867774423113473 3.42270521105981
28.0 31.0 46.0
1 0 1581 1172.4478759765625 1707.952392578125 
-0.8104714728085638 0.42051713720165385 3.4090536237485276
22.0 24.0 35.0
2 0 1591 1163.358642578125 1718.6544189453125 1 1684 1019.51611328125 1569.218994140625 
0.24595531601665988 0.4348921889095226 3.4156205630216525
106.0 110.0 128.0
2 0 1609 2038.8555908203125 1729.47509765625 1 1796 1772.975341796875 1764.6646728515625 
-0.7159018958002037 0.4334054967986704 3.4016155567559294
137.0 71.0 173.0
2 0 1610 1240.4603271484375 1729.9412841796875 1 1697 1078.515869140625 1594.6600341796875 
0.2711968560337989 0.43691778739454296 3.395082259154749
52.0 115.0 153.0
2 0 1618 2061.146484375 1734.13671875 1 1802 1788.1837158203125 1771.7274169921875 
-0.4556817263489199 0.44315177448216764 3.399681951903797
27.0 30.0 44.0
2 0 1625 1456.44677734375 1737.7999267578125 1 1722 1255.6331787109375 1646.447265625 
-0.4438580861163306 0.44560171815308763 3.3937553909985327
29.0 35.0 48.0
2 0 1631 1465.655029296875 1740.8768310546875 1 1725 1261.705810546875 1650.203369140625 
0.24212715703262777 0.4492537833596096 3.394618098525906
56.0 122.0 157.0
1 0 1636 2036.9102783203125 1743.3572998046875 
-0.32569680809541773 0.4506277860722923 3.3902136030058054
124.0 66.0 167.0
2 0 1637 1563.778076171875 1745.3505859375 1 1747 1343.38720703125 1674.84423828125 
-0.4627495751879625 0.4513745719806366 3.386567212297572
15.0 21.0 28.0
2 0 1639 1449.0723876953125 1745.945068359375 1 1729 1245.1214599609375 1652.070068359375 
0.2558286744181543 0.45562605861213856 3.389101058196666
6.0 17.0 45.0
2 0 1644 2048.693115234375 1749.7666015625 1 1814 1772.0426025390625 1784.6351318359375 
-0.5096022289016671 0.4603989248139404 3.3814833069760826
43.0 113.0 73.0
2 0 1648 1409.3134765625 1753.794921875 1 1727 1209.16015625 1651.2220458984375 
-0.49016688426424937 0.4674200558105679 3.3805850336554375
30.0 33.0 38.0
1 0 1655 1425.48876953125 1760.44384765625 
-0.4674375588688475 0.47524735486192254 3.3634081884921745
20.0 23.0 31.0
1 0 1666 1442.505126953125 1769.16064453125 
-0.722387208939241 0.49781323230917257 3.3379165549344947
179.0 182.0 190.0
3 0 1683 1223.5982666015625 1791.03173828125 1 1719 1040.3203125 1643.9393310546875 2 1929 985.4304809570312 1354.5006103515625 
-0.553869651858932 0.5339884407788575 3.3054870076360423
165.0 173.0 173.0
2 0 1714 1361.6937255859375 1826.037841796875 1 1764 1140.04833984375 1702.56396484375 
-0.5188244669916647 0.541115872200328 3.2978226038243816
130.0 68.0 168.0
2 0 1718 1390.6302490234375 1833.212158203125 1 1770 1161.010986328125 1714.7696533203125 
-0.41743159617262476 0.5500390903493899 3.291823598007387
135.0 69.0 175.0
2 0 1725 1476.90087890625 1842.0704345703125 1 1780 1230.1436767578125 1740.1759033203125 
0.5897094689617629 0.5536473266783704 3.3014630353898125
204.0 218.0 236.0
2 0 1729 2340.208251953125 1843.775634765625 1 1888 2005.250244140625 1938.9757080078125 
-0.44417347131736157 0.5574386938902718 3.2819152048159745
178.0 135.0 202.0
2 0 1735 1452.77294921875 1849.608642578125 1 1782 1206.2320556640625 1741.904052734375 
-0.494010475964093 0.5744221920603048 3.2674537707998508
122.0 63.0 161.0
2 0 1746 1407.9739990234375 1866.53369140625 1 1783 1162.5369873046875 1746.8170166015625 
-0.24456162298413306 0.8340594825345778 3.0187967217795073
44.0 18.0 156.0
2 0 1788 1606.3515625 2150.853759765625 1 1950 1214.6953125 2035.6171875 
-0.29246754518849777 0.8339563088669905 3.0039625155732885
151.0 167.0 179.0
2 0 1794 1560.139892578125 2154.52685546875 1 1944 1171.380615234375 2027.395263671875 
0.7019629080645723 0.8388961798231271 3.00832607141625
3.0 30.0 34.0
2 0 1800 2494.885009765625 2158.16845703125 1 2072 2008.7054443359375 2265.619384765625 
-0.40704687460254824 0.8535310373838108 2.9900435405446193
36.0 14.0 156.0
2 0 1817 1450.542236328125 2176.628662109375 1 1936 1072.797607421875 2021.07958984375 
-0.44310971357790924 0.8551629122320601 2.9846320288440444
36.0 50.0 138.0
2 0 1820 1415.67724609375 2179.350830078125 1 1930 1042.2384033203125 2015.6600341796875 
-0.41637805918653764 0.8547783952230562 2.985998223170933
167.0 176.0 190.0
4 0 1821 1441.1943359375 2179.024658203125 1 1935 1063.672607421875 2020.6099853515625 2 2633 827.51708984375 1660.2181396484375 3 1374 962.0953979492188 1405.8505859375 
0.7567833258198994 0.856439839400287 2.9859230384967095
96.0 167.0 124.0
2 0 1822 2551.705322265625 2180.248779296875 1 2110 2051.904296875 2301.81103515625 
0.858923199302103 0.8617676905119012 2.981888980148247
54.0 121.0 82.0
2 0 1833 2649.50732421875 2186.676513671875 1 2143 2144.6904296875 2334.206787109375 
-0.3235373304985984 0.8641567498511019 2.9741638626529765
47.0 156.0 184.0
2 0 1842 1527.8529052734375 2191.04736328125 1 1963 1129.7086181640625 2051.152099609375 
0.7820878341674434 0.8667600890457868 2.9801286474679425
26.0 42.0 48.0
2 0 1849 2577.109130859375 2191.82080078125 1 2125 2072.4052734375 2319.240966796875 
0.9022885039239255 0.8676364346455478 2.9765168994048006
36.0 47.0 61.0
2 0 1854 2692.159912109375 2193.78125 1 2164 2183.526611328125 2352.58740234375 
-0.7172634244473837 0.867930653660307 2.964263295214013
35.0 30.0 145.0
2 0 1862 1151.3765869140625 2197.068603515625 1 1897 822.00390625 1970.260009765625 
-0.7059074414531055 0.8747920074061463 2.9624796441134285
120.0 157.0 183.0
2 0 1887 1161.8360595703125 2204.8232421875 1 1899 828.5802612304688 1978.0572509765625 
-0.5839352498458426 0.8806206293939292 2.9664454919460312
32.0 13.0 146.0
2 0 1896 1278.9571533203125 2209.282958984375 1 1920 921.6727294921875 2008.6424560546875 
0.9347133806526694 0.8811099450190749 2.9663277782335697
27.0 43.0 56.0
2 0 1901 2726.00537109375 2209.559326171875 1 2186 2210.5234375 2376.69580078125 
0.7416457022210252 0.8852114961460054 2.963670717342107
15.0 39.0 31.0
2 0 1912 2542.676513671875 2214.360595703125 1 2140 2029.4833984375 2329.806640625 
0.7497415863000534 0.8883881849774664 2.962268276708181
33.0 47.0 53.0
2 0 1921 2550.72509765625 2217.5673828125 1 2146 2036.0609130859375 2335.47998046875 
0.93538117354074 0.8892833631501074 2.9636014398751525
122.0 165.0 162.0
2 0 1922 2727.4404296875 2217.703857421875 1 2196 2209.205322265625 2385.775146484375 
0.9793710179489489 0.8885776122420164 2.958467201596163
146.0 153.0 156.0
2 0 1927 2771.0498046875 2219.1611328125 1 2207 2250.89599609375 2397.920654296875 
0.9490682732962786 0.8911620471647227 2.9613858525994217
26.0 43.0 56.0
2 0 1933 2741.194580078125 2220.587890625 1 2201 2221.72265625 2391.45458984375 
1.0074056921250645 0.8916217005563312 2.954441468154689
141.0 164.0 166.0
2 0 1940 2799.135009765625 2223.013916015625 1 2217 2276.789794921875 2409.899169921875 
1.0141820877997407 0.8914941636851172 2.9470705940182977
133.0 165.0 164.0
2 0 1943 2808.0498046875 2225.1259765625 1 2221 2282.908203125 2413.78662109375 
1.026515621371229 0.8946057308984656 2.9430709044480796
18.0 31.0 45.0
2 0 1955 2821.232177734375 2229.584716796875 1 2227 2294.01318359375 2421.083251953125 
-0.5918225378234231 0.8946346109009328 2.93925018543761
154.0 161.0 204.0
2 0 1957 1266.18994140625 2229.848388671875 1 1939 900.4091796875 2023.556640625 
0.9893344998365571 0.8969658894046096 2.947520344419751
26.0 36.0 53.0
2 0 1959 2784.058349609375 2229.93505859375 1 4464 2257.895751953125 2412.31787109375 
0.6892386658604344 0.902902837486761 2.953741864285704
30.0 48.0 55.0
2 0 1972 2494.910400390625 2234.256591796875 1 2145 1976.5029296875 2335.028076171875 
-0.581519842078668 0.9003350305081297 2.935356590743466
72.0 32.0 157.0
2 0 1979 1275.353515625 2236.433349609375 1 340 905.45849609375 2031.3331298828125 
0.7060919729867311 0.9020889727002909 2.941754710726734
38.0 54.0 61.0
2 0 1987 2513.78173828125 2236.80517578125 1 2152 1990.2174072265625 2342.17822265625 
0.9860625334360521 0.9064064534904059 2.9361250727592436
56.0 71.0 87.0
2 0 2007 2784.56201171875 2241.789306640625 1 2230 2251.9404296875 2424.462890625 
0.6661392625866831 0.9118145717616649 2.9342549750222724
44.0 52.0 59.0
2 0 2020 2477.009765625 2247.98876953125 1 2154 1950.296142578125 2343.12841796875 
0.9770513632031742 0.91755945034577 2.925588538919991
12.0 26.0 38.0
1 0 2052 2779.295166015625 2256.115966796875 
-0.6001392965588457 0.9281721257957609 2.9154355109864762
41.0 43.0 167.0
2 0 2107 1253.5045166015625 2269.9169921875 1 1965 876.7989501953125 2053.712158203125 
1.2616672054045257 0.9311197288810349 2.9221281127697507
17.0 33.0 45.0
2 0 2110 3055.722900390625 2270.371337890625 1 2371 2517.943603515625 2530.895751953125 
0.9721388089289831 0.9293606108250665 2.9150133641034466
43.0 59.0 72.0
2 0 2112 2777.956787109375 2270.7841796875 1 2262 2232.429931640625 2448.76806640625 
1.1479005848171466 0.930699891014389 2.914139819207152
137.0 166.0 170.0
2 0 2120 2948.7216796875 2272.435546875 1 2328 2404.25341796875 2500.23583984375 
1.1817230229254467 0.9315666115286498 2.913384316641315
132.0 162.0 163.0
2 0 2131 2981.82666015625 2273.5517578125 1 2338 2437.74365234375 2511.07666015625 
0.9605753385258717 0.9402463550996448 2.911012116853921
15.0 34.0 47.0
2 0 2161 2768.058349609375 2283.2802734375 1 2271 2218.898193359375 2456.577392578125 
0.9685182729098493 0.9402219749186911 2.9089874765832904
23.0 36.0 50.0
2 0 2163 2776.406494140625 2283.508056640625 1 2275 2226.326416015625 2459.8212890625 
-0.602884478206286 0.9684729984911286 2.8772196256683658
175.0 185.0 202.0
2 0 2280 1243.0338134765625 2320.541748046875 1 1997 848.5982666015625 2095.233154296875 
0.958265417021557 0.9709670131783004 2.87313924972311
66.0 123.0 108.0
2 0 2290 2778.0576171875 2325.070556640625 1 2327 2207.09521484375 2498.62158203125 
0.9749289865144455 0.9739293927537827 2.8709066026980254
23.0 42.0 55.0
2 0 2302 2795.2158203125 2329.122314453125 1 2334 2222.69775390625 2506.693359375 
0.9652904760633785 0.9795251293609104 2.864542195887497
36.0 116.0 81.0
2 0 2314 2787.819091796875 2336.388427734375 1 2341 2211.47265625 2511.93701171875 
0.9813196374808881 0.9794415794461393 2.8632918474328544
31.0 52.0 60.0
2 0 2316 2804.08544921875 2337.287109375 1 2537 2227.263671875 2516.396484375 
-0.903771221707983 0.9874501023101194 2.847628446871776
58.0 37.0 160.0
2 0 2353 938.2743530273438 2350.3408203125 1 1960 599.9027099609375 2047.784423828125 
0.9209425483357174 0.9938303034999482 2.8517892414582744
24.0 52.0 63.0
2 0 2365 2748.12255859375 2354.87451171875 1 2347 2163.895751953125 2517.475341796875 
0.9862586331473756 1.0026532223137001 2.8428074513245947
28.0 52.0 52.0
2 0 2389 2815.929931640625 2366.368408203125 1 2398 2225.44140625 2548.851318359375 
0.9210403375334582 1.0049281207689738 2.8433252136133116
6.0 33.0 43.0
2 0 2397 2750.937255859375 2368.844970703125 1 2370 2160.8310546875 2531.33056640625 
0.8963523456944187 1.017148042594417 2.8297117188414442
7.0 38.0 47.0
2 0 2426 2730.67236328125 2385.659912109375 1 2388 2132.564208984375 2541.124755859375 
0.8862311131734811 1.0274838432901938 2.8253768178933267
17.0 46.0 55.0
1 0 2449 2721.86669921875 2396.440673828125 
-0.6179889504205177 1.044380389877649 2.8019922657875123
32.0 43.0 157.0
2 0 2510 1211.9146728515625 2423.02294921875 1 2033 784.5822143554688 2172.4970703125 
0.8665003668837832 1.04481563837698 2.804462215084016
9.0 44.0 47.0
2 0 2513 2708.6865234375 2423.53564453125 1 2432 2094.63720703125 2567.94287109375 
-0.21316772645612456 1.0473495144460905 2.801388048089471
30.0 66.0 54.0
2 0 2524 1620.2293701171875 2426.109130859375 1 2080 1112.8782958984375 2275.238525390625 
0.9305974486287161 1.0455931273696009 2.7992054740919525
33.0 48.0 57.0
1 0 2525 2775.037841796875 2426.051025390625 
0.8399992022864198 1.0465769191276952 2.7954303264957603
27.0 55.0 66.0
2 0 2531 2684.681640625 2428.07470703125 1 2428 2066.846923828125 2565.7548828125 
0.8591039217011847 1.053581422323286 2.7963532893317278
50.0 119.0 98.0
2 0 2547 2703.721923828125 2435.010009765625 1 2445 2084.362060546875 2577.8603515625 
0.8419036597628691 1.0656597387834006 2.7817167256106123
23.0 45.0 57.0
2 0 2595 2690.833251953125 2453.30517578125 1 2461 2062.982177734375 2589.805908203125 
0.9320917104003112 1.0787864277514225 2.772802311414884
36.0 55.0 58.0
2 0 2642 2785.494140625 2469.629150390625 1 2492 2148.822265625 2634.450439453125 
0.8593590307913284 1.0862786614257385 2.7623159586574975
92.0 112.0 123.0
2 0 2669 2714.67529296875 2481.424072265625 1 2486 2073.1318359375 2623.8125 
-0.19151933200327048 1.0887505726281264 2.760864870025339
41.0 68.0 58.0
2 0 2673 1639.2518310546875 2484.3349609375 1 2138 1105.4212646484375 2329.0361328125 
0.8560151552961925 1.091920410289618 2.755448850239003
11.0 34.0 42.0
2 0 2692 2713.462646484375 2490.54150390625 1 2490 2067.794189453125 2630.635498046875 
0.9080386521326707 1.1039211359129701 2.741867025743739
43.0 54.0 62.0
2 0 2736 2771.4140625 2507.8525390625 1 2506 2115.5849609375 2665.049072265625 
0.6205427572684362 1.1104725848663417 2.7331141691089873
41.0 50.0 59.0
2 0 2755 2477.0791015625 2518.06640625 1 2459 1828.0318603515625 2586.895263671875 
-0.3032334065461843 1.1203169101760537 2.7235996642960907
51.0 76.0 140.0
2 0 2789 1520.63525390625 2532.396728515625 1 2148 987.4765014648438 2339.050048828125 
-0.40170837026790424 1.1362610007036598 2.707530565512019
92.0 108.0 177.0
2 0 2842 1415.94873046875 2555.610107421875 1 2142 893.6290283203125 2332.6259765625 
-0.8418079895644567 1.1379628672588158 2.7036032970263086
59.0 59.0 159.0
1 0 2847 955.2432861328125 2559.43603515625 
-0.3512187951247112 1.1770718081132503 2.668748979865352
58.0 76.0 117.0
2 0 2956 1463.3592529296875 2616.71484375 1 2203 908.302490234375 2394.689453125 
-0.6098813373655696 1.1811223021347077 2.6666787700751677
35.0 12.0 150.0
2 0 2963 1188.8988037109375 2621.9091796875 1 2139 690.6146240234375 2330.16796875 
-0.4264801992303193 1.183437473298082 2.6641061435239197
128.0 144.0 181.0
2 0 2968 1382.8033447265625 2624.386962890625 1 2193 840.6474609375 2382.785888671875 
-0.35055185233092256 1.2053952606157594 2.6398489408710186
88.0 109.0 177.0
2 0 3019 1459.9736328125 2660.086669921875 1 2236 887.9729614257812 2431.0126953125 
-0.4420313212496352 1.2115537199010435 2.6351473967458294
158.0 165.0 174.0
2 0 3035 1361.2081298828125 2669.609375 1 2220 806.4547729492188 2412.57080078125 
0.66683420614367 0.840100770386938 3.008411813211261
37.0 49.0 61.0
2 0 3103 2461.8466796875 2158.992431640625 1 2066 1976.823974609375 2258.09814453125 
0.5198773260840559 -3.235605631886153 7.026007747877304
153.0 161.0 160.0
2 0 3122 2044.5357666015625 68.92630004882812 1 2665 2530.589111328125 207.24037170410156 
1.1974094021768014 -3.1414568336407487 6.9457720884722844
70.0 75.0 74.0
2 0 3130 2322.633056640625 91.73609161376953 1 2709 2808.61572265625 262.7463073730469 
2.6327819470504767 -2.9889671784591147 6.811280523151532
110.0 56.0 146.0
2 0 3163 2927.904296875 129.7799835205078 1 2866 3462.937744140625 378.0173034667969 
-3.714350435553123 -2.9520374134166047 6.773082381114978
132.0 131.0 117.0
2 0 3174 285.25201416015625 137.7706756591797 1 2571 939.7210083007812 94.70062255859375 
0.6966200003123673 -2.9204376003504904 6.715394738392244
48.0 53.0 68.0
2 0 3179 2128.565185546875 140.9092254638672 1 2741 2581.8544921875 288.02044677734375 
1.4860011829107345 -2.9348057801346727 6.759710212282019
104.0 108.0 126.0
2 0 3181 2456.73974609375 143.23895263671875 1 2797 2928.65478515625 329.9866638183594 
0.7070545472569237 -2.886885045312509 6.692641548706471
154.0 159.0 162.0
2 0 3195 2133.9111328125 150.14263916015625 1 2756 2583.777099609375 299.2420959472656 
1.5186088993757836 -2.882941921512121 6.707845436079184
67.0 68.0 82.0
2 0 3210 2475.2841796875 155.60459899902344 1 2817 2942.460205078125 344.707275390625 
1.3778863399373604 -2.852951917466853 6.67070462045135
46.0 51.0 66.0
2 0 3220 2419.197509765625 161.25762939453125 1 2813 2878.37646484375 343.8223876953125 
1.7134741250969014 -2.8552027136280853 6.68609813606242
158.0 160.0 160.0
2 0 3222 2559.771728515625 163.74240112304688 1 2847 3031.08154296875 362.97979736328125 
-0.14629072045933808 -2.8131058959152253 6.599452170551107
147.0 160.0 162.0
2 0 3223 1772.6458740234375 164.591552734375 1 2716 2215.904541015625 270.6548156738281 
1.4074732829244707 -2.828313501142526 6.646714046608546
45.0 53.0 66.0
2 0 3225 2433.9033203125 167.59127807617188 1 2832 2891.14208984375 351.5530700683594 
-0.5310575727633202 -2.759166634590638 6.530636593152489
146.0 163.0 159.0
2 0 3237 1605.457275390625 175.28546142578125 1 2705 2050.10888671875 261.662353515625 
1.4186791302280246 -2.7982313606323914 6.624562641400955
162.0 165.0 170.0
2 0 3239 2440.6865234375 176.4127655029297 1 2843 2894.980224609375 361.2481994628906 
0.12685618246802458 -2.756851315096277 6.5448201828461885
151.0 156.0 159.0
2 0 3243 1890.1336669921875 179.42874145507812 1 2754 2323.885498046875 297.22503662109375 
0.9950202555818163 -2.717340421403494 6.5301444172862135
124.0 129.0 128.0
2 0 3269 2266.055419921875 194.1001434326172 1 2836 2700.0771484375 356.71527099609375 
-0.4750208474379478 -2.6475110423430763 6.446337177252172
74.0 157.0 142.0
2 0 3278 1627.037109375 208.8223114013672 1 2749 2058.365478515625 295.2831726074219 
-0.053263312642751616 -2.616693344890233 6.41131879290397
72.0 153.0 128.0
2 0 3281 1811.848388671875 216.19915771484375 1 2790 2231.134521484375 323.52032470703125 
0.001229847353904384 -2.425936080514905 6.231261140301525
160.0 167.0 164.0
2 0 3305 1835.892822265625 269.45269775390625 1 2864 2231.15771484375 376.9159240722656 
-0.4809895037845148 -2.399262091553798 6.19318291949498
155.0 169.0 165.0
2 0 3308 1615.771484375 274.298828125 1 2835 2017.649169921875 355.8955993652344 
-0.3849598928689992 -2.3532824889754127 6.142657416900778
45.0 119.0 91.0
2 0 3312 1658.150634765625 286.4058837890625 1 2858 2051.479736328125 372.3473205566406 
-0.08251882614073087 -2.348613511135923 6.1451838606195315
159.0 174.0 166.0
2 0 3314 1797.3438720703125 289.1260986328125 1 2883 2183.660400390625 391.6852111816406 
-0.12667912322324076 -2.3259055997302847 6.121526650844771
163.0 178.0 170.0
2 0 3318 1776.807861328125 295.451171875 1 2887 2160.935302734375 395.08990478515625 
-0.286139413771088 -2.323380381565196 6.121334964258429
43.0 108.0 82.0
2 0 3319 1703.192138671875 296.8140869140625 1 2876 2090.498046875 386.9015808105469 
-0.3091994863345342 -2.31749519743497 6.114879343648293
160.0 175.0 171.0
2 0 3321 1692.384521484375 298.2833557128906 1 2875 2079.4775390625 387.1857604980469 
-2.292211750949766 -2.284758279635459 6.057170746084791
127.0 109.0 146.0
2 0 3323 765.6890258789062 303.6979064941406 1 613 1255.26806640625 285.5118103027344 
-1.5017185216018447 -2.2130632172727585 5.989450530250962
41.0 95.0 148.0
2 0 3328 1126.617431640625 325.1202087402344 1 2815 1552.37158203125 345.0345458984375 
-0.14675093800924582 -2.194841591695455 5.992215614629265
125.0 80.0 136.0
2 0 3334 1766.097900390625 334.36737060546875 1 2916 2133.254150390625 429.9202575683594 
1.488475495642676 -2.034214685581327 5.872991446085902
143.0 114.0 164.0
2 0 3381 2551.76171875 391.63531494140625 1 2956 2908.72998046875 590.5800170898438 
-1.2914212530239029 -1.9861194275835252 5.79134517985771
41.0 89.0 147.0
2 0 3391 1205.022705078125 400.2781066894531 1 2915 1592.144775390625 421.83636474609375 
2.564216227999163 -1.9660544687366486 5.80564192941677
139.0 164.0 168.0
2 0 3401 3083.710205078125 412.11279296875 1 3001 3496.09521484375 696.3153076171875 
2.020424757362302 -1.7242384642982425 5.576587489916758
136.0 167.0 164.0
2 0 3421 2859.3984375 495.8535461425781 1 3017 3196.146240234375 744.9435424804688 
-0.594587543959845 -1.6251951110565157 5.433868596116959
81.0 68.0 106.0
2 0 3426 1526.02197265625 524.1302490234375 1 2942 1825.8272705078125 575.4550170898438 
-2.969717571348643 -1.1381412007502314 4.9477548320399585
112.0 82.0 153.0
1 0 3532 138.76768493652344 719.1671142578125 
1.8011433719711136 -1.1332054495151054 4.985981052664032
59.0 119.0 155.0
2 0 3535 2856.3720703125 727.0784301757812 1 3202 3073.7548828125 978.5750122070312 
1.8384621745703114 -1.0803721618176443 4.937846684499964
14.0 31.0 64.0
2 0 3545 2887.724853515625 751.6044311523438 1 3252 3097.130615234375 1007.885986328125 
-2.6935936639899265 -1.0259085339177134 4.837420165320617
127.0 94.0 175.0
2 0 3559 261.4724426269531 770.75341796875 1 2963 680.1803588867188 626.0204467773438 
-2.930522104884203 -1.005969598977979 4.78713767638393
49.0 9.0 104.0
2 0 3563 105.033935546875 776.0319213867188 1 784 558.4489135742188 611.0322875976562 
-2.8328977292683537 -0.9861429206448187 4.7731100257205386
40.0 7.0 92.0
2 0 3569 157.78981018066406 786.4541625976562 1 2962 594.31396484375 625.4877319335938 
-2.828942726434148 -0.8422052604448764 4.6283508889831015
14.0 10.0 46.0
2 0 3640 107.69634246826172 855.5259399414062 1 811 531.5643920898438 677.0901489257812 
-2.8938117827344034 -0.8354278789673678 4.631042212001506
25.0 11.0 52.0
2 0 3648 69.07929229736328 859.5484619140625 1 810 502.8178405761719 676.2904052734375 
1.3667907069169485 -0.8002351314405817 4.659501379474406
196.0 188.0 175.0
2 0 3693 2664.45166015625 884.3780517578125 1 3403 2787.325439453125 1098.84228515625 
-1.6985335541096884 -0.5490071882749209 4.374006238155731
163.0 168.0 169.0
2 0 3867 737.75537109375 1015.6083984375 1 892 955.5516357421875 896.9843139648438 
1.282028150778486 -0.5390620598315216 4.37878761020305
163.0 173.0 157.0
2 0 3878 2662.85107421875 1021.2498779296875 1 3676 2714.3974609375 1233.27294921875 
1.2941610889345125 -0.5192825781706133 4.384559647537048
184.0 193.0 180.0
2 0 3892 2669.5810546875 1034.423828125 1 3703 2719.587158203125 1248.0927734375 
1.1944014603841224 -0.5080029126495824 4.367035420595867
181.0 188.0 175.0
2 0 3902 2608.38427734375 1040.753173828125 1 3689 2651.270263671875 1241.24853515625 
1.2781612346143967 -0.5014718191971137 4.35063447313114
29.0 80.0 72.0
2 0 3905 2665.759033203125 1044.423095703125 1 3713 2708.325927734375 1254.627197265625 
1.2616690101724473 -0.4986560937587403 4.351301278981556
178.0 187.0 190.0
2 0 3907 2654.8662109375 1045.4898681640625 1 3712 2696.503173828125 1255.2120361328125 
-1.8732366085313013 -0.4844134739914976 4.30616892439029
37.0 50.0 64.0
2 0 3913 605.7545166015625 1051.8812255859375 1 903 837.3958129882812 909.1488647460938 
1.2414730964972405 -0.4305853381410583 4.281805351955937
175.0 177.0 177.0
2 0 3954 2654.81396484375 1084.81884765625 1 3762 2676.73486328125 1294.1253662109375 
-2.373881032345837 -0.11280028816015927 3.932385083218166
68.0 74.0 73.0
2 0 4020 129.01641845703125 1288.6441650390625 1 1101 392.984130859375 1034.0325927734375 
-2.3652253857496177 -0.10034905177479513 3.9157390673749792
175.0 180.0 179.0
2 0 4032 128.0491485595703 1297.890869140625 1 1108 388.64605712890625 1040.2904052734375 
0.8348323653531615 -0.09917802387369404 3.956186022386898
143.0 113.0 48.0
2 0 4034 2431.76953125 1298.678955078125 1 3904 2346.78173828125 1452.4715576171875 
-0.9666621460632401 -0.08048381638743328 3.905503160637631
164.0 170.0 193.0
2 0 4044 1135.741455078125 1311.792724609375 1 3642 1159.1990966796875 1215.3275146484375 
-0.9618104341038544 -0.06535822710661154 3.893691656554076
35.0 93.0 159.0
2 0 4053 1137.1180419921875 1322.224853515625 1 3662 1156.4610595703125 1225.3048095703125 
-0.15616760393995013 0.03277837038634926 3.6001694541278146
156.0 147.0 144.0
2 0 4100 1712.739990234375 1395.8314208984375 1 3870 1583.5120849609375 1389.610107421875 
-2.1943827423460114 0.08195358050446676 3.7345700616104063
153.0 157.0 162.0
2 0 4135 174.52865600585938 1432.3673095703125 1 2528 373.51556396484375 1156.12939453125 
0.5195082416342969 0.2618809889492606 3.3814231018775343
184.0 171.0 173.0
2 0 4198 2269.64892578125 1589.736083984375 1 4013 2009.56396484375 1679.160888671875 
-0.724055554190823 0.40016103861394026 3.4377732415752402
137.0 74.0 178.0
2 0 4255 1240.0281982421875 1699.0830078125 1 1683 1091.1766357421875 1567.8218994140625 
-0.8188951413525674 0.40668470654864264 3.432499627044155
42.0 44.0 54.0
2 0 4263 1161.02099609375 1705.0367431640625 1 1678 1024.778564453125 1557.2017822265625 
-0.8059304674418913 0.409216492344242 3.4288075718175826
57.0 59.0 77.0
2 0 4267 1170.9864501953125 1707.556396484375 1 2532 1031.6798095703125 1561.1448974609375 
-0.5119846025837091 0.4132260531177749 3.3968456328129317
174.0 143.0 90.0
2 0 4272 1409.2584228515625 1712.8253173828125 1 3961 1220.1112060546875 1614.7445068359375 
0.23534565565447785 0.42599443887410415 3.423873534441017
5.0 20.0 52.0
2 0 4286 2029.5963134765625 1721.0869140625 1 4051 1767.9349365234375 1755.3211669921875 
0.24200775654813522 0.4512790624982027 3.3921975174296692
48.0 117.0 160.0
2 0 4319 2037.0087890625 1746.271728515625 1 4073 1762.8739013671875 1777.909423828125 
0.25691725083857897 0.45385388686451844 3.3871830249241923
5.0 16.0 43.0
2 0 4323 2049.72802734375 1748.6041259765625 1 4078 1772.8245849609375 1783.4949951171875 
-0.4755275435625136 0.45609056722831826 3.378575543307681
167.0 169.0 169.0
3 0 4327 1437.4896240234375 1751.14990234375 1 3988 1232.8580322265625 1653.4052734375 2 2046 1117.9326171875 1417.1124267578125 
-0.41502434902806035 0.4616183586239857 3.373912002570152
160.0 174.0 170.0
2 0 4332 1487.6513671875 1756.737060546875 1 4000 1273.18701171875 1667.943115234375 
-0.48729925706344474 0.4663945787439963 3.3740003017671834
31.0 33.0 41.0
3 0 4337 1427.0909423828125 1760.341796875 1 1735 1221.4454345703125 1659.31005859375 2 232 1105.45068359375 1418.801025390625 
-0.4677444438548371 0.47502208114670574 3.364098597497756
28.0 31.0 39.0
2 0 4343 1442.31201171875 1768.6082763671875 1 1743 1230.5223388671875 1669.8116455078125 
-0.3352905609211591 0.4890589988071213 3.3506256474164786
137.0 78.0 169.0
2 0 4354 1552.488525390625 1782.4195556640625 1 4031 1318.2744140625 1704.339599609375 
-0.5218992164727053 0.5310975705790345 3.314378368353779
178.0 178.0 184.0
2 0 4371 1390.26123046875 1822.9244384765625 1 4032 1166.3819580078125 1705.0631103515625 
-0.48598865671676195 0.543715158290059 3.295551795728642
131.0 65.0 170.0
2 0 4378 1418.497314453125 1835.953857421875 1 4039 1183.227294921875 1722.6767578125 
-0.600653542036267 0.5434844415855423 3.2892938468073165
172.0 143.0 76.0
2 0 4379 1319.17919921875 1836.788818359375 1 4028 1099.642822265625 1702.048828125 
-0.25977526880481955 0.5498109050403379 3.289277688956363
50.0 120.0 174.0
2 0 4384 1612.0965576171875 1842.1683349609375 1 4065 1344.1834716796875 1769.4556884765625 
-0.31675288783413885 0.5502890551928822 3.2917798575925348
112.0 39.0 163.0
3 0 4387 1563.396728515625 1843.216796875 1 4055 1303.3023681640625 1758.11279296875 2 2317 1119.53271484375 1522.6328125 
