# Bundle file v0.3
16 4790
2826.526836150662 0 0
1.0 0.0 0.0
0.0 1.0 0.0
0.0 0.0 1.0
0.0 0.0 0.0
2826.526836150662 0 0
0.9544076986849667 -0.20599540949637346 0.21603665419851148
0.2007677844765614 0.9785527474696767 0.046117427681084455
-0.22090323992019428 -0.0006416275932089634 0.9752955177313144
-0.9569173844336999 -0.137751278648174 0.25560458642082273
2826.526836150662 0 0
0.748690084532535 -0.4961934617481534 0.4396080138498947
0.5132149026778721 0.8535899009672526 0.08941333589604
-0.41961127367124873 0.15867050603404426 0.8937281742917657
-1.974550569133978 -0.37277230677420914 0.9618037022723527
2826.526836150662 0 0
0.43421166587874643 -0.6836216260952209 0.58661887248002
0.6820611029926394 0.674889843341016 0.28163158760977647
-0.5884325628304982 0.27782219437990374 0.7593167634858768
-2.2472449517224624 -1.0707121214285622 1.3543298119022162
2826.526836150662 0 0
0.15943017588813022 -0.7385289330035176 0.655100781661086
0.7393701127098453 0.529038325035692 0.4164736331088203
-0.6541512481435089 0.41796347419375707 0.6303908936462947
-2.377781339253609 -1.5187051428250027 2.198457774471517
2826.526836150662 0 0
-0.1795719253913215 -0.7146900286837463 0.6759971054015539
0.6916080232290942 0.39696453633840856 0.6034049213378834
-0.6995943580507196 0.575879605290601 0.4230016718571493
-2.3563888636938866 -1.9391190500418156 3.210851942273685
2826.526836150662 0 0
-0.6160313357605094 -0.6053908548225657 0.5039913751824784
0.5490061589484094 0.1288499692596401 0.8258268116612003
-0.564887272646354 0.785429562926551 0.2529876891929145
-1.660036912354986 -3.160887784037381 3.635040417775689
2826.526836150662 0 0
-0.9452463749553794 -0.30576951764537097 0.11408020298295175
0.1386125063086755 -0.05968341010830491 0.9885466421230062
-0.29545873439203263 0.9502330727967538 0.09879900624347004
-0.03884388165657995 -3.587800703772288 4.10833238415134
2826.526836150662 0 0
-0.9872407189778486 0.04425238904871626 -0.15296237725526363
-0.15709952146407266 -0.11388993759600174 0.9809937932882848
0.025990443394831073 0.9925073340675421 0.11938881301981419
1.287830262249881 -3.3904176728976823 4.01157659915103
2826.526836150662 0 0
-0.9528928297760583 0.2308391369120471 -0.1967448800631852
-0.21737827711108815 -0.06738994295622314 0.9737583274245062
0.21152290561920456 0.9706553911961021 0.11439480731375407
1.5210954997825943 -3.472009838722838 3.7162150801119203
2826.526836150662 0 0
-0.7275508458077415 0.4923535392365871 -0.4777632877960031
-0.5153905178213781 0.067392684580583 0.8543013755138369
0.45281605636754063 0.8677823566230352 0.20472274087047504
2.2950052251783877 -2.822410863304904 3.066245929661574
2826.526836150662 0 0
-0.47443580989941303 0.6567137761743114 -0.586206174027504
-0.6273155648393747 0.21495161846961253 0.7485125141422487
0.6175644455401752 0.7228573980393161 0.3099860282407665
2.6232608950689222 -2.353336786366973 2.4857426572302495
2826.526836150662 0 0
-0.14183736123757765 0.6885654873929212 -0.7111678652248776
-0.7783884492911624 0.36626245017016396 0.5098659035525397
0.6115501491842352 0.6258828861430044 0.48402172251464365
2.700364975538745 -1.4841960194385933 1.412651578273265
2826.526836150662 0 0
0.2657888908032192 0.6588573839698648 -0.7037493965283242
-0.7072130331760798 0.6293583019767792 0.3221146588387346
0.6551381466770835 0.4120862474304272 0.6332289739479908
2.671120273065521 -0.6166748547682175 1.291613457819137
2826.526836150662 0 0
-0.6559808117348388 -0.5764068817049929 0.4872825477675435
0.5686080741085192 0.04716694261786225 0.8212552207338982
-0.4963607888364094 0.8158004573712921 0.2968089976036574
-1.5913438902390218 -3.4076167179911425 -4.987312409971778
2826.526836150662 0 0
0.9173210179851654 0.27710455680444956 -0.28589371199952857
-0.3119116350637604 0.9464383456781039 -0.08346010868639886
0.2474535953962103 0.16573328702558074 0.9546199221141287
0.9064259660115364 0.3908572735219777 0.30874579104980066
1.1426478289235231 -0.9001987440398022 4.736365032043732
97.0 149.0 132.0
2 0 30 2517.2490234375 832.8246459960938 1 105 2656.02392578125 1020.6964721679688 
-0.40515207282198845 0.4354203888897969 3.3798433592317845
53.0 120.0 91.0
2 0 274 1496.5384521484375 1734.505615234375 1 268 1289.6044921875 1651.06884765625 
-0.43768808166963985 0.8637240129031201 2.9592846831025055
98.0 94.0 207.0
2 0 372 1417.29541015625 2195.124755859375 1 339 1038.16259765625 2029.58740234375 
-0.5782928034736379 0.8945516848338005 2.918879199115027
72.0 32.0 157.0
2 0 1979 1275.353515625 2236.433349609375 1 340 905.45849609375 2031.3331298828125 
0.7044767286536706 0.8244544062481112 3.0065128500911866
166.0 171.0 170.0
2 0 336 2497.64208984375 2144.98681640625 1 367 2017.2613525390625 2254.705322265625 
0.7092156173245016 0.8936972349469248 2.9331655680427615
80.0 105.0 101.0
2 0 404 2518.763916015625 2230.96630859375 1 392 1997.25732421875 2338.947265625 
0.9141802686511069 0.8701245924880989 2.9599174121678016
28.0 45.0 54.0
2 0 375 2708.310546875 2200.573974609375 1 396 2196.59326171875 2363.936279296875 
1.3229259752037086 0.9311517614775789 2.902959901153708
33.0 45.0 55.0
2 0 433 3123.399658203125 2275.801025390625 1 458 2584.820556640625 2557.10986328125 
0.8409286281912945 1.054744493495938 2.775097009830719
110.0 136.0 142.0
2 0 487 2691.831787109375 2443.7373046875 1 461 2067.329833984375 2583.24658203125 
-0.14872618344714936 -2.801064543504167 6.573691632452096
145.0 160.0 163.0
2 0 666 1771.356689453125 165.10154724121094 1 600 2214.20068359375 271.3350830078125 
0.8627738140795089 -3.012013013298041 6.806644219604054
54.0 60.0 73.0
2 0 603 2193.649658203125 119.58466339111328 1 602 2660.48291015625 274.215576171875 
2.516267336851958 -3.360693675478175 7.163995445023902
94.0 101.0 50.0
2 0 576 2828.1640625 44.448970794677734 1 604 3392.357177734375 274.4974060058594 
0.6941720898558851 -2.909393174614149 6.694669399704043
47.0 52.0 67.0
2 0 621 2128.439453125 141.76255798339844 1 618 2581.552001953125 288.7254333496094 
-0.6049732447373944 -2.569758158664354 6.344615914933074
59.0 93.0 83.0
2 0 721 1565.808349609375 224.9127655029297 1 636 1992.459228515625 303.9296569824219 
-2.342935122233643 -2.1834092934696456 5.948338347677436
106.0 68.0 128.0
2 0 3332 721.9893188476562 332.005859375 1 640 1208.542236328125 308.3383483886719 
1.499356884579978 -2.9321964493882473 6.730961861046153
45.0 49.0 67.0
2 0 619 2464.9609375 138.55044555664062 1 662 2938.01708984375 326.674560546875 
1.3728421826495723 -2.8388708629583133 6.643461836764564
50.0 56.0 69.0
2 0 664 2419.443359375 162.25770568847656 1 678 2878.07275390625 344.3207702636719 
1.553803043841832 -2.8656113796684246 6.670224992380361
64.0 66.0 77.0
2 0 656 2493.7939453125 155.9171905517578 1 681 2961.344482421875 346.9727783203125 
-1.5345674288988331 -2.196982359699104 5.981863312255037
46.0 98.0 144.0
2 0 758 1110.1942138671875 331.36639404296875 1 689 1537.8748779296875 350.47967529296875 
1.4032562548851393 -2.8154577467553996 6.622366127033048
47.0 53.0 64.0
2 0 668 2434.284912109375 168.39918518066406 1 690 2891.186279296875 352.3276672363281 
1.4322935261479979 -2.799644436142145 6.604219822933777
43.0 50.0 67.0
2 0 673 2448.33251953125 171.53163146972656 1 693 2904.2568359375 357.8964538574219 
1.681044860956024 -2.843265825787181 6.645564808149424
52.0 54.0 64.0
2 0 663 2550.298095703125 160.15724182128906 1 695 3020.03564453125 359.935791015625 
1.6049846432908228 -2.799755882675134 6.608906613496606
50.0 56.0 69.0
2 0 675 2521.78369140625 172.70082092285156 1 706 2983.770263671875 367.64129638671875 
1.6303599863917588 -2.8024851377146613 6.631171920991177
131.0 133.0 143.0
2 0 678 2530.278564453125 175.34274291992188 1 713 2993.994384765625 371.9369812011719 
1.585257815824983 -2.7774887636490013 6.592493189208139
149.0 154.0 157.0
2 0 684 2515.027099609375 179.1665496826172 1 715 2973.85400390625 373.5174560546875 
-0.09445045808359019 -2.3642034643966197 6.1417547437063025
21.0 94.0 54.0
2 0 745 1791.889892578125 282.12249755859375 1 725 2181.134033203125 383.3646545410156 
1.6174936918855163 -2.7515014290283237 6.5737258532215685
166.0 170.0 171.0
2 0 694 2530.838134765625 187.07102966308594 1 726 2988.01513671875 383.26361083984375 
1.6642440382014996 -2.748001399506786 6.558554327592601
48.0 52.0 70.0
2 0 692 2552.56689453125 185.4774627685547 1 727 3010.869140625 385.1522521972656 
-0.3076805746391421 -2.314018758716623 6.098357453994602
154.0 175.0 167.0
2 0 750 1692.7296142578125 297.3705749511719 1 728 2080.2744140625 386.3142395019531 
1.6430358610531286 -2.736927329274427 6.549784371498485
165.0 168.0 173.0
2 0 696 2544.401123046875 189.01185607910156 1 730 3000.625244140625 386.9624328613281 
-1.8321097760889968 -1.9361338604060585 5.710997258434129
42.0 101.0 150.0
2 0 788 928.5960083007812 411.9590148925781 1 742 1348.704833984375 400.3152160644531 
0.7571294424223732 -2.044174098600779 5.852614380944097
119.0 87.0 118.0
2 0 773 2201.041015625 383.27520751953125 1 770 2542.857421875 532.52685546875 
0.34515137181112765 -1.806504827672716 5.607104862699667
165.0 154.0 187.0
2 0 798 2009.3250732421875 459.205810546875 1 777 2313.655517578125 580.4996948242188 
1.2713766869633103 -0.49780344556504136 4.3279758362315865
29.0 80.0 72.0
2 0 1261 2665.612548828125 1044.149169921875 1 1479 2706.932373046875 1255.948486328125 
1.2596947515275652 -0.4523281374484461 4.288974108626247
30.0 72.0 61.0
2 0 1287 2665.486572265625 1071.496826171875 1 1514 2694.746337890625 1282.0428466796875 
-0.09714141738797205 0.057953086110015 3.544158818923455
13.0 9.0 8.0
2 0 1461 1757.86962890625 1416.1943359375 1 1635 1611.3406982421875 1417.37158203125 
0.7982976405605301 -0.10500829731315287 3.937471469419478
105.0 82.0 44.0
2 0 1377 2408.365234375 1293.9644775390625 1 1648 2323.657470703125 1443.46142578125 
-0.7121604030390459 0.43010989933929394 3.3835631827466246
137.0 71.0 173.0
2 0 1610 1240.4603271484375 1729.9412841796875 1 1697 1078.515869140625 1594.6600341796875 
0.37299166702639747 0.20743105150680788 3.3965426576576867
10.0 11.0 9.0
2 0 1509 2145.729736328125 1542.4521484375 1 1706 1908.4053955078125 1610.5206298828125 
-0.45344782777338866 0.44008839043591935 3.382655605128994
27.0 30.0 44.0
2 0 1625 1456.44677734375 1737.7999267578125 1 1722 1255.6331787109375 1646.447265625 
-0.5070593052886976 0.45718785055652866 3.364283658948386
43.0 113.0 73.0
2 0 1648 1409.3134765625 1753.794921875 1 1727 1209.16015625 1651.2220458984375 
-0.46047430776292264 0.4482623105680538 3.3695637484961183
15.0 21.0 28.0
2 0 1639 1449.0723876953125 1745.945068359375 1 1729 1245.1214599609375 1652.070068359375 
-0.32415506428975716 0.4476647281408542 3.3737064460925437
124.0 66.0 167.0
2 0 1637 1563.778076171875 1745.3505859375 1 1747 1343.38720703125 1674.84423828125 
-0.5161913322184067 0.5374706775796408 3.2807825913552224
130.0 68.0 168.0
2 0 1718 1390.6302490234375 1833.212158203125 1 1770 1161.010986328125 1714.7696533203125 
-0.4153664617706237 0.5464687155232544 3.2751868335525494
135.0 69.0 175.0
2 0 1725 1476.90087890625 1842.0704345703125 1 1780 1230.1436767578125 1740.1759033203125 
-0.4419569003113561 0.5537976985431033 3.2652054608909618
178.0 135.0 202.0
2 0 1735 1452.77294921875 1849.608642578125 1 1782 1206.2320556640625 1741.904052734375 
-0.4915034302541882 0.570629285517501 3.250567000555183
122.0 63.0 161.0
2 0 1746 1407.9739990234375 1866.53369140625 1 1783 1162.5369873046875 1746.8170166015625 
0.2448591939904465 0.4325475247275308 3.400755447652669
106.0 110.0 128.0
2 0 1609 2038.8555908203125 1729.47509765625 1 1796 1772.975341796875 1764.6646728515625 
0.25469047475131673 0.4532005981241916 3.374357562931633
6.0 17.0 45.0
2 0 1644 2048.693115234375 1749.7666015625 1 1814 1772.0426025390625 1784.6351318359375 
0.5872291691299355 0.5510869690148839 3.2876531117682655
204.0 218.0 236.0
2 0 1729 2340.208251953125 1843.775634765625 1 1888 2005.250244140625 1938.9757080078125 
-0.41419318832376945 0.8495500532762441 2.970078549403235
167.0 176.0 190.0
2 0 1821 1441.1943359375 2179.024658203125 1 1935 1063.672607421875 2020.6099853515625 
-0.40491637526855334 0.8483237553115883 2.9741384273564737
36.0 14.0 156.0
2 0 1817 1450.542236328125 2176.628662109375 1 1936 1072.797607421875 2021.07958984375 
-0.5885332563162047 0.8888677986400778 2.9227264755722255
154.0 161.0 204.0
2 0 1957 1266.18994140625 2229.848388671875 1 1939 900.4091796875 2023.556640625 
-0.24334624752324685 0.8292129413517699 3.003409138555479
44.0 18.0 156.0
2 0 1788 1606.3515625 2150.853759765625 1 1950 1214.6953125 2035.6171875 
-0.6144124210277535 1.0376171436496389 2.785629215106516
32.0 43.0 157.0
2 0 2510 1211.9146728515625 2423.02294921875 1 2033 784.5822143554688 2172.4970703125 
-0.8119449297214716 1.1457751482347416 2.6687687712495007
94.0 113.0 186.0
2 0 5219 975.4208984375 2584.014404296875 1 2061 540.6088256835938 2247.4052734375 
0.6639966007482658 0.8363867352328309 2.99564405204615
37.0 49.0 61.0
2 0 3103 2461.8466796875 2158.992431640625 1 2066 1976.823974609375 2258.09814453125 
0.6989942567361866 0.8352245000792282 2.9956333428566606
3.0 30.0 34.0
2 0 1800 2494.885009765625 2158.16845703125 1 2072 2008.7054443359375 2265.619384765625 
-0.21207335672947702 1.0413801696729856 2.7867029594250923
30.0 66.0 54.0
2 0 2524 1620.2293701171875 2426.109130859375 1 2080 1112.8782958984375 2275.238525390625 
0.7536083594014368 0.8527503253174442 2.9734157090484494
96.0 167.0 124.0
2 0 1822 2551.705322265625 2180.248779296875 1 2110 2051.904296875 2301.81103515625 
0.7788136521411404 0.8630487844383816 2.9676691572512706
26.0 42.0 48.0
2 0 1849 2577.109130859375 2191.82080078125 1 2125 2072.4052734375 2319.240966796875 
-0.2089994839642616 1.0812171273049067 2.7430025293442917
41.0 65.0 41.0
2 0 5039 1619.96630859375 2483.912353515625 1 2132 1088.3719482421875 2324.177001953125 
-0.19053535575927177 1.0825881872548577 2.746371944114708
41.0 68.0 58.0
2 0 2673 1639.2518310546875 2484.3349609375 1 2138 1105.4212646484375 2329.0361328125 
-0.6062529503081324 1.1734748492698832 2.65069750070378
35.0 12.0 150.0
2 0 2963 1188.8988037109375 2621.9091796875 1 2139 690.6146240234375 2330.16796875 
0.7385159976484976 0.8813802621193577 2.9511858178243418
15.0 39.0 31.0
2 0 1912 2542.676513671875 2214.360595703125 1 2140 2029.4833984375 2329.806640625 
-0.651105514286114 1.1831881988915345 2.636404773129831
155.0 142.0 194.0
2 0 5305 1137.30126953125 2638.98974609375 1 2141 643.4481811523438 2331.42626953125 
0.7465794748325202 0.8845498033136311 2.949794316403302
33.0 47.0 53.0
2 0 1921 2550.72509765625 2217.5673828125 1 2146 2036.0609130859375 2335.47998046875 
-0.30160832956707156 1.1137520388265858 2.7088002958369723
51.0 76.0 140.0
2 0 2789 1520.63525390625 2532.396728515625 1 2148 987.4765014648438 2339.050048828125 
0.7030941552327116 0.898151901078974 2.9292899333248905
38.0 54.0 61.0
2 0 1987 2513.78173828125 2236.80517578125 1 2152 1990.2174072265625 2342.17822265625 
0.6632880540947131 0.9077900777573762 2.92172417936218
44.0 52.0 59.0
2 0 2020 2477.009765625 2247.98876953125 1 2154 1950.296142578125 2343.12841796875 
0.8796746018714947 0.8619481150826306 2.965146016115247
132.0 154.0 160.0
2 0 1850 2673.888427734375 2191.509033203125 1 2157 2166.247314453125 2345.401123046875 
0.8985766220599877 0.8640378164111608 2.964277175152488
36.0 47.0 61.0
2 0 1854 2692.159912109375 2193.78125 1 2164 2183.526611328125 2352.58740234375 
0.9308779935049639 0.8774825577501701 2.9541584833189347
27.0 43.0 56.0
2 0 1901 2726.00537109375 2209.559326171875 1 2186 2210.5234375 2376.69580078125 
-0.35056322971316833 1.1590485109124553 2.6609078906069
145.0 151.0 174.0
2 0 5247 1462.9595947265625 2601.2421875 1 2191 912.91845703125 2382.288818359375 
-0.4240748074175232 1.1762119223045642 2.6489422221606156
128.0 144.0 181.0
2 0 2968 1382.8033447265625 2624.386962890625 1 2193 840.6474609375 2382.785888671875 
0.9315358530262187 0.8856175655748576 2.9514190042664055
122.0 165.0 162.0
2 0 1922 2727.4404296875 2217.703857421875 1 2196 2209.205322265625 2385.775146484375 
0.9451739683710885 0.8875020453698906 2.949235393862494
26.0 43.0 56.0
2 0 1933 2741.194580078125 2220.587890625 1 2201 2221.72265625 2391.45458984375 
-0.3492864305554124 1.1700608761110864 2.653901637942488
58.0 76.0 117.0
2 0 2956 1463.3592529296875 2616.71484375 1 2203 908.302490234375 2394.689453125 
0.9753734085842806 0.8849600428056085 2.9463907398826623
146.0 153.0 156.0
2 0 1927 2771.0498046875 2219.1611328125 1 2207 2250.89599609375 2397.920654296875 
1.0033071259235142 0.88801647523765 2.942418408124219
141.0 164.0 166.0
2 0 1940 2799.135009765625 2223.013916015625 1 2217 2276.789794921875 2409.899169921875 
1.0223565991519454 0.8910121955234116 2.9311434892905996
18.0 31.0 45.0
2 0 1955 2821.232177734375 2229.584716796875 1 2227 2294.01318359375 2421.083251953125 
0.9820387543546331 0.9027227313262717 2.924139703576153
56.0 71.0 87.0
2 0 2007 2784.56201171875 2241.789306640625 1 2230 2251.9404296875 2424.462890625 
-0.34861132845553533 1.1982105063650015 2.6250842459531296
88.0 109.0 177.0
2 0 3019 1459.9736328125 2660.086669921875 1 2236 887.9729614257812 2431.0126953125 
-0.35592340385265286 1.2071346123651583 2.6127148880879245
136.0 142.0 179.0
2 0 5346 1450.285888671875 2675.845703125 1 2249 873.265625 2441.431884765625 
-0.29676788091016104 1.195819803083361 2.6270629488298742
107.0 119.0 121.0
2 0 5325 1516.021484375 2656.219970703125 1 2254 934.1878662109375 2442.8037109375 
0.9681581537453511 0.9255689487408433 2.903074379683161
43.0 59.0 72.0
2 0 2112 2777.956787109375 2270.7841796875 1 2262 2232.429931640625 2448.76806640625 
0.9566284009892225 0.9363947598765221 2.8990503129253216
15.0 34.0 47.0
2 0 2161 2768.058349609375 2283.2802734375 1 2271 2218.898193359375 2456.577392578125 
0.9645439557150758 0.936378693663349 2.897048298838519
23.0 36.0 50.0
2 0 2163 2776.406494140625 2283.508056640625 1 2275 2226.326416015625 2459.8212890625 
0.9543245727781812 0.9669907838846362 2.8613209008533365
66.0 123.0 108.0
2 0 2290 2778.0576171875 2325.070556640625 1 2327 2207.09521484375 2498.62158203125 
1.1432908862514113 0.92705344149077 2.902424941144558
137.0 166.0 170.0
2 0 2120 2948.7216796875 2272.435546875 1 2328 2404.25341796875 2500.23583984375 
0.9709274143079765 0.9699567947260932 2.859120210582979
23.0 42.0 55.0
2 0 2302 2795.2158203125 2329.122314453125 1 2334 2222.69775390625 2506.693359375 
0.961322218854092 0.9755201068068359 2.8527628827606186
36.0 116.0 81.0
2 0 2314 2787.819091796875 2336.388427734375 1 2341 2211.47265625 2511.93701171875 
0.9171291423177277 0.9897214504021346 2.839979612561826
24.0 52.0 63.0
2 0 2365 2748.12255859375 2354.87451171875 1 2347 2163.895751953125 2517.475341796875 
0.917221504601476 1.0007706433859274 2.831534702787446
6.0 33.0 43.0
2 0 2397 2750.937255859375 2368.844970703125 1 2370 2160.8310546875 2531.33056640625 
0.9822073024280018 0.9985702116389711 2.831123580946259
28.0 52.0 52.0
2 0 2389 2815.929931640625 2366.368408203125 1 2398 2225.44140625 2548.851318359375 
0.8364694888966617 1.0421655010333126 2.783686136406245
27.0 55.0 66.0
2 0 2531 2684.681640625 2428.07470703125 1 2428 2066.846923828125 2565.7548828125 
0.8628694424875012 1.0404347722003855 2.792712678125943
9.0 44.0 47.0
2 0 2513 2708.6865234375 2423.53564453125 1 2432 2094.63720703125 2567.94287109375 
0.8554967082692354 1.0491539897791398 2.7846130607281676
50.0 119.0 98.0
2 0 2547 2703.721923828125 2435.010009765625 1 2445 2084.362060546875 2577.8603515625 
0.9109685287712231 1.0410470459336683 2.7898531015478287
51.0 128.0 91.0
2 0 2520 2758.281005859375 2424.564453125 1 2454 2141.7333984375 2584.703857421875 
0.6178192838412849 1.105519033263493 2.7211363631477834
41.0 50.0 59.0
2 0 2755 2477.0791015625 2518.06640625 1 2459 1828.0318603515625 2586.895263671875 
0.8383587464886662 1.0611656587352 2.7700068138039233
23.0 45.0 57.0
2 0 2595 2690.833251953125 2453.30517578125 1 2461 2062.982177734375 2589.805908203125 
0.9267372421009266 1.0412792779543438 2.7875914742327357
33.0 48.0 57.0
2 0 2525 2775.037841796875 2426.051025390625 1 2462 2157.275390625 2590.1708984375 
0.8557434382187358 1.0817138123811019 2.7506932380505216
92.0 112.0 123.0
2 0 2669 2714.67529296875 2481.424072265625 1 2486 2073.1318359375 2623.8125 
0.8524119543152466 1.0873303256651006 2.7438508822243595
11.0 34.0 42.0
2 0 2692 2713.462646484375 2490.54150390625 1 2490 2067.794189453125 2630.635498046875 
0.92821147302656 1.0743281660093873 2.7612546166334644
36.0 55.0 58.0
2 0 2642 2785.494140625 2469.629150390625 1 2492 2148.822265625 2634.450439453125 
0.9042438984358964 1.0993375497131912 2.7304040639205285
43.0 54.0 62.0
2 0 2736 2771.4140625 2507.8525390625 1 2506 2115.5849609375 2665.049072265625 
0.5183346952024857 -3.225901072562977 7.005111403010088
153.0 161.0 160.0
2 0 3122 2044.5357666015625 68.92630004882812 1 2665 2530.589111328125 207.24037170410156 
-0.5294199957917886 -2.751176483272631 6.509693246954346
146.0 163.0 159.0
2 0 3237 1605.457275390625 175.28546142578125 1 2705 2050.10888671875 261.662353515625 
1.1937259018591324 -3.1310690832905967 6.924137662432781
70.0 75.0 74.0
2 0 3130 2322.633056640625 91.73609161376953 1 2709 2808.61572265625 262.7463073730469 
-0.1458741635459982 -2.8048569341039866 6.578835612351163
147.0 160.0 162.0
2 0 3223 1772.6458740234375 164.591552734375 1 2716 2215.904541015625 270.6548156738281 
0.8023563654901215 -2.945591452886805 6.740786109642153
53.0 59.0 70.0
2 0 3171 2171.848876953125 135.64236450195312 1 2738 2630.467529296875 286.5633544921875 
0.6944920947414356 -2.911316895895339 6.694775837594479
48.0 53.0 68.0
2 0 3179 2128.565185546875 140.9092254638672 1 2741 2581.8544921875 288.02044677734375 
-0.47353643083656827 -2.639711766871712 6.425331958162812
74.0 157.0 142.0
2 0 3278 1627.037109375 208.8223114013672 1 2749 2058.365478515625 295.2831726074219 
0.1264359658231518 -2.7486242431138694 6.524500243883342
151.0 156.0 159.0
2 0 3243 1890.1336669921875 179.42874145507812 1 2754 2323.885498046875 297.22503662109375 
-0.05313243891434166 -2.6088794003590254 6.3909491656160515
72.0 153.0 128.0
2 0 3281 1811.848388671875 216.19915771484375 1 2790 2231.134521484375 323.52032470703125 
1.4812405402320303 -2.924504907714096 6.737788041490355
104.0 108.0 126.0
2 0 3181 2456.73974609375 143.23895263671875 1 2797 2928.65478515625 329.9866638183594 
1.3734960098580098 -2.8430775233803476 6.64920095550199
46.0 51.0 66.0
2 0 3220 2419.197509765625 161.25762939453125 1 2813 2878.37646484375 343.8223876953125 
-1.4959718081529114 -2.2061066454649527 5.966016010928367
41.0 95.0 148.0
2 0 3328 1126.617431640625 325.1202087402344 1 2815 1552.37158203125 345.0345458984375 
1.4029734589387561 -2.818471821060757 6.625218961097526
45.0 53.0 66.0
2 0 3225 2433.9033203125 167.59127807617188 1 2832 2891.14208984375 351.5530700683594 
-0.47944050922676473 -2.392083608567732 6.172401241767032
155.0 169.0 165.0
2 0 3308 1615.771484375 274.298828125 1 2835 2017.649169921875 355.8955993652344 
0.9918965357326046 -2.708394427404092 6.509478742642096
124.0 129.0 128.0
2 0 3269 2266.055419921875 194.1001434326172 1 2836 2700.0771484375 356.71527099609375 
0.0011885078638219887 -2.4185653865983494 6.211073748041312
160.0 167.0 164.0
2 0 3305 1835.892822265625 269.45269775390625 1 2864 2231.15771484375 376.9159240722656 
-0.3082229996765742 -2.3105061344674427 6.094459623346847
160.0 175.0 171.0
2 0 3321 1692.384521484375 298.2833557128906 1 2875 2079.4775390625 387.1857604980469 
-0.08229026842503938 -2.3414868013517793 6.125049566617573
159.0 174.0 166.0
2 0 3314 1797.3438720703125 289.1260986328125 1 2883 2183.660400390625 391.6852111816406 
-0.1263068206175663 -2.3188550192707944 6.101373769581631
163.0 178.0 170.0
2 0 3318 1776.807861328125 295.451171875 1 2887 2160.935302734375 395.08990478515625 
-1.2864476879335058 -1.979844611827952 5.768519516103064
41.0 89.0 147.0
2 0 3391 1205.022705078125 400.2781066894531 1 2915 1592.144775390625 421.83636474609375 
-0.14630855250241473 -2.1881493214326424 5.97219062310548
125.0 80.0 136.0
2 0 3334 1766.097900390625 334.36737060546875 1 2916 2133.254150390625 429.9202575683594 
-1.6792081240317522 -1.7812389782223421 5.5678033731557806
48.0 102.0 157.0
2 0 3419 982.8846435546875 465.781005859375 1 2922 1373.5244140625 454.6679382324219 
-0.5924319324115963 -1.6201470002427847 5.413470925242827
81.0 68.0 106.0
2 0 3426 1526.02197265625 524.1302490234375 1 2942 1825.8272705078125 575.4550170898438 
1.4834423506893173 -2.026704024660493 5.852973511391473
143.0 114.0 164.0
2 0 3381 2551.76171875 391.63531494140625 1 2956 2908.72998046875 590.5800170898438 
1.8039151450030548 -1.089922776964787 4.928286715063361
7.0 18.0 38.0
2 0 894 2869.952880859375 744.930908203125 1 3234 3080.02880859375 997.0880737304688 
1.8317521470904534 -1.0757723980232332 4.919708021144975
14.0 31.0 64.0
2 0 3545 2887.724853515625 751.6044311523438 1 3252 3097.130615234375 1007.885986328125 
1.3618323777974706 -0.797059630142688 4.642537028770741
196.0 188.0 175.0
2 0 3693 2664.45166015625 884.3780517578125 1 3403 2787.325439453125 1098.84228515625 
-0.9569690328027627 -0.06629384645432973 3.8737669418347487
35.0 93.0 159.0
2 0 4053 1137.1180419921875 1322.224853515625 1 3662 1156.4610595703125 1225.3048095703125 
1.277330320984638 -0.5369127604165749 4.362699597564044
163.0 173.0 157.0
2 0 3878 2662.85107421875 1021.2498779296875 1 3676 2714.3974609375 1233.27294921875 
1.2570194119316669 -0.4966613987532121 4.335227807817924
178.0 187.0 190.0
2 0 3907 2654.8662109375 1045.4898681640625 1 3712 2696.503173828125 1255.2120361328125 
1.2734607431476053 -0.4994604431968864 4.334600652329293
29.0 80.0 72.0
2 0 3905 2665.759033203125 1044.423095703125 1 3713 2708.325927734375 1254.627197265625 
-0.1555511554520449 0.031862994373061684 3.5848426243312765
156.0 147.0 144.0
2 0 4100 1712.739990234375 1395.8314208984375 1 3870 1583.5120849609375 1389.610107421875 
0.8316049675810855 -0.09893910916977051 3.940932052209386
143.0 113.0 48.0
2 0 4034 2431.76953125 1298.678955078125 1 3904 2346.78173828125 1452.4715576171875 
-0.5094607791126385 0.4102609281350427 3.3797649306094772
174.0 143.0 90.0
2 0 4272 1409.2584228515625 1712.8253173828125 1 3961 1220.1112060546875 1614.7445068359375 
-0.47318150899977474 0.4529413733648255 3.361560169988254
167.0 169.0 169.0
3 0 4327 1437.4896240234375 1751.14990234375 1 3988 1232.8580322265625 1653.4052734375 2 2046 1117.9326171875 1417.1124267578125 
-0.41300842876712646 0.45850702119343156 3.357140309962489
160.0 174.0 170.0
2 0 4332 1487.6513671875 1756.737060546875 1 4000 1273.18701171875 1667.943115234375 
-0.597540354988017 0.5397277348510586 3.2719685447390607
172.0 143.0 76.0
2 0 4379 1319.17919921875 1836.788818359375 1 4028 1099.642822265625 1702.048828125 
-0.3336884491241341 0.48589464085653516 3.3341790840792895
137.0 78.0 169.0
2 0 4354 1552.488525390625 1782.4195556640625 1 4031 1318.2744140625 1704.339599609375 
-0.5192531798287233 0.5275014171476654 3.2972655317335904
178.0 178.0 184.0
2 0 4371 1390.26123046875 1822.9244384765625 1 4032 1166.3819580078125 1705.0631103515625 
-0.4835427865758581 0.5400961435390443 3.2786490781467905
131.0 65.0 170.0
2 0 4378 1418.497314453125 1835.953857421875 1 4039 1183.227294921875 1722.6767578125 
-0.5264576256069473 0.5992245058717925 3.225798608715914
134.0 80.0 169.0
2 0 4410 1374.0372314453125 1894.91357421875 1 4062 1123.4661865234375 1764.9486083984375 
0.24092740373925914 0.44886144402400424 3.377422624162396
48.0 117.0 160.0
2 0 4319 2037.0087890625 1746.271728515625 1 4073 1762.8739013671875 1777.909423828125 
0.25577551716365177 0.45143836341602933 3.372465212588536
5.0 16.0 43.0
2 0 4323 2049.72802734375 1748.6041259765625 1 4078 1772.8245849609375 1783.4949951171875 
-0.4159153547097516 0.8497615986192137 2.9693681582771125
170.0 177.0 192.0
2 0 4476 1439.469482421875 2179.588134765625 1 4207 1062.02734375 2020.37255859375 
-0.28120832772608484 0.8271021756001676 2.994779105166089
36.0 8.0 161.0
2 0 4448 1569.945068359375 2150.890869140625 1 4215 1181.849365234375 2027.041748046875 
-0.6051057511090144 0.8999718418199594 2.917083618207867
35.0 9.0 163.0
2 0 4620 1249.062255859375 2242.88232421875 1 4221 883.1065673828125 2029.7548828125 
-0.4267152630890737 0.8646930905164834 2.959671081924976
22.0 14.0 155.0
2 0 4510 1427.8505859375 2196.354248046875 1 4224 1046.78662109375 2032.405517578125 
-0.565019326099467 0.9040455917124237 2.919353796690711
50.0 138.0 179.0
2 0 4624 1288.2939453125 2245.44482421875 1 4235 914.2103271484375 2042.365966796875 
-0.20285771676731806 0.913976181326917 2.9095311166576137
48.0 55.0 152.0
2 0 4649 1638.25341796875 2257.56298828125 1 4271 1195.447021484375 2135.857666015625 
0.7797973182632048 0.8641983884630536 2.969113248512359
26.0 42.0 48.0
2 0 4500 2577.655517578125 2191.94677734375 1 4362 2073.146484375 2320.732177734375 
0.757131255690292 0.8737841974091289 2.9538833942849174
33.0 46.0 54.0
3 0 4540 2559.8291015625 2206.0419921875 1 4372 2048.47802734375 2327.154052734375 2 6008 1386.7808837890625 2217.917236328125 
-0.6223234565512812 1.1776275403398828 2.6453248408510057
41.0 17.0 153.0
2 0 5284 1170.4154052734375 2628.909912109375 1 4377 673.4649047851562 2331.257568359375 
0.8860078425450894 0.849989664600725 2.962680771174094
30.0 41.0 45.0
2 0 4480 2680.61328125 2180.489990234375 1 4386 2174.252197265625 2336.837890625 
0.7929626035407085 0.8768738334259301 2.9506771707647217
20.0 44.0 50.0
2 0 4550 2594.93701171875 2209.847412109375 1 4389 2080.67138671875 2340.41259765625 
0.8805277149155504 0.8628508466677599 2.964256276856793
120.0 147.0 151.0
2 0 4503 2674.967529296875 2192.888916015625 1 4395 2166.844482421875 2346.454345703125 
0.8644643206109747 0.8711644052967652 2.958931310681793
33.0 51.0 58.0
2 0 4530 2661.126953125 2202.176025390625 1 4398 2149.566650390625 2351.602783203125 
0.8245266650686168 0.8834507205896885 2.9472942914343023
22.0 41.0 46.0
2 0 4566 2626.074951171875 2217.025634765625 1 4401 2108.3955078125 2355.98681640625 
0.9051077690744376 0.8720802852559236 2.9612731160123644
123.0 162.0 160.0
2 0 4531 2699.245361328125 2201.94677734375 1 4408 2187.73828125 2363.0732421875 
0.6562320440320814 0.9427131764865633 2.8892430358716465
24.0 36.0 48.0
2 0 4723 2477.328125 2292.173828125 1 4431 1931.2928466796875 2383.182861328125 
0.9315759469765196 0.885579768624997 2.9482067804143792
125.0 171.0 165.0
2 0 4569 2728.44921875 2218.55908203125 1 4435 2208.973388671875 2386.72705078125 
0.9931852197233975 0.8765155402326424 2.9517898167254915
41.0 48.0 63.0
2 0 4546 2786.369384765625 2209.030517578125 1 4443 2269.89794921875 2393.62939453125 
0.9453954543470409 0.8935860600182324 2.9323399520119535
111.0 157.0 151.0
2 0 4593 2746.651123046875 2231.82470703125 1 4451 2219.465087890625 2401.879150390625 
1.004010072703637 0.8894003236284698 2.943727994040956
141.0 164.0 166.0
2 0 4580 2799.380126953125 2223.94189453125 1 4461 2277.265380859375 2411.03271484375 
1.0233405560528965 0.8910828797248604 2.9351644209959806
27.0 40.0 54.0
2 0 4586 2820.794189453125 2227.78369140625 1 4470 2295.01904296875 2420.862060546875 
0.9613929407400502 0.9149729542054282 2.9199998625513572
40.0 55.0 71.0
2 0 4643 2766.001953125 2256.456787109375 1 4478 2229.619140625 2430.209716796875 
-0.3282023231065845 1.1954926945935347 2.629860631678314
169.0 181.0 185.0
2 0 5324 1482.6048583984375 2655.13037109375 1 4479 908.6868896484375 2432.306640625 
0.9464670526804417 0.9365959911313797 2.898552028058003
115.0 160.0 157.0
2 0 4709 2758.274658203125 2282.9296875 1 4508 2208.810546875 2454.76708984375 
0.9633566677610519 0.936967775249258 2.89686083578487
12.0 28.0 41.0
2 0 4712 2775.30078125 2283.97900390625 1 4514 2225.0009765625 2460.276123046875 
0.9716177104416504 0.9713203384670259 2.8579886946767914
24.0 43.0 56.0
2 0 4783 2796.2109375 2329.4873046875 1 4579 2222.678466796875 2509.9580078125 
0.9595177619761192 0.9747175613709443 2.850215786765028
64.0 143.0 110.0
2 0 4794 2786.883544921875 2336.51171875 1 4580 2209.65380859375 2511.45947265625 
0.8985032797198734 1.0007444147085338 2.831027811321077
116.0 163.0 160.0
2 0 4837 2732.401123046875 2368.762451171875 1 4602 2142.327880859375 2526.240234375 
0.8940632813541532 1.0174461205468948 2.812300678457102
12.0 36.0 48.0
2 0 4869 2733.934814453125 2392.663330078125 1 4639 2132.501708984375 2547.655517578125 
0.9127931261225039 1.0253770141221341 2.808510216647094
10.0 40.0 45.0
2 0 4884 2753.978759765625 2401.635986328125 1 4657 2148.85302734375 2562.8271484375 
0.9251437392652909 1.0230028670564593 2.801128535128656
44.0 113.0 86.0
2 0 4888 2768.890380859375 2402.5400390625 1 4663 2160.9638671875 2566.328369140625 
0.9035465775417091 1.0320558074969703 2.799271814591207
49.0 126.0 89.0
2 0 4903 2747.674072265625 2411.787353515625 1 4669 2137.26171875 2570.12646484375 
0.8571871213394634 1.0493018002645313 2.7842183932396383
44.0 118.0 92.0
2 0 4950 2705.548583984375 2435.050048828125 1 4677 2085.88818359375 2578.916748046875 
0.9095019505627957 1.0398388283868252 2.78707881955686
70.0 151.0 112.0
2 0 4931 2757.7216796875 2424.582275390625 1 4682 2140.259521484375 2583.922607421875 
0.8556166772866225 1.0910090290981944 2.751041113139875
16.0 36.0 47.0
2 0 5057 2714.427001953125 2490.689208984375 1 4709 2071.048583984375 2633.130615234375 
0.8631550966707784 1.087775263267936 2.739542933540447
5.0 24.0 32.0
2 0 5060 2725.935302734375 2492.923095703125 1 4710 2077.92919921875 2635.982421875 
0.8994368436477173 1.0841555429702536 2.734482681832578
62.0 137.0 99.0
2 0 5058 2765.05712890625 2490.634765625 1 4717 2114.50732421875 2646.252685546875 
-0.2943168231360432 -2.7790130890885987 6.547300339376904
38.0 106.0 83.0
2 0 5388 1708.3165283203125 170.67381286621094 1 4796 2151.00634765625 267.7483215332031 
0.827775841365566 -2.954277605924067 6.72652368206774
167.0 167.0 167.0
2 0 5370 2183.13134765625 127.929443359375 1 4806 2642.5341796875 283.1355285644531 
-3.3556103737012433 -2.0211194368471177 5.743246483210432
25.0 30.0 45.0
2 0 6501 183.93533325195312 376.0087890625 1 4809 763.5869140625 287.9667053222656 
1.3720269055360674 -2.8374052633218083 6.631090646571518
50.0 57.0 74.0
2 0 6348 2420.224365234375 161.1326904296875 1 4839 2878.37353515625 342.20428466796875 
-0.2337225743265093 -2.30620521970108 6.105280442285803
158.0 172.0 168.0
2 0 5421 1727.1151123046875 301.9905700683594 1 4868 2112.442626953125 395.31427001953125 
-0.18597612420549972 -2.1803840341453027 5.964426791865237
170.0 168.0 174.0
2 0 5428 1747.196044921875 336.5238037109375 1 4881 2114.17333984375 429.9413146972656 
-0.14967938066724518 -2.1835817921155884 5.973575764295475
128.0 78.0 136.0
2 0 5429 1764.5196533203125 336.7778015136719 1 4882 2131.369384765625 432.0152282714844 
-0.24459811437132323 -2.0439685545493744 5.835361963582701
129.0 72.0 140.0
2 0 5447 1716.868408203125 379.97332763671875 1 4888 2066.724609375 466.53692626953125 
-1.501811662906646 -1.5158756907281201 5.286717307169573
159.0 147.0 93.0
2 0 6553 1032.3931884765625 559.4147338867188 1 4895 1374.843017578125 543.7984008789062 
2.069991793881251 -1.9746436791906088 5.78818095307562
157.0 172.0 174.0
2 0 3397 2846.232666015625 406.4109191894531 1 4916 3224.5390625 648.6885986328125 
1.9108131210134505 -1.3149066103311915 5.155432140951141
127.0 159.0 178.0
2 0 5499 2882.93359375 648.505615234375 1 4971 3144.042236328125 903.5078735351562 
-2.0629993002409566 -0.07048211447792238 3.864952825625281
29.0 41.0 59.0
2 0 6839 326.6598205566406 1319.0782470703125 1 5086 525.6385498046875 1089.9735107421875 
1.3647993756932302 -0.7934308095955872 4.638428086060505
180.0 180.0 174.0
2 0 5599 2667.027099609375 886.6453857421875 1 5097 2789.126953125 1100.554443359375 
1.3946533633776805 -0.7926539893665414 4.64073623388525
188.0 189.0 187.0
2 0 5600 2684.76708984375 886.9226684570312 1 5102 2808.21826171875 1105.0789794921875 
-0.7517200178850509 -0.21773908901097205 4.03617160154219
194.0 200.0 207.0
2 0 5758 1308.9595947265625 1218.2410888671875 1 5149 1344.13134765625 1164.3829345703125 
1.207305282907145 -0.5380690414652732 4.380790901176666
62.0 108.0 89.0
2 0 5700 2614.331787109375 1023.1382446289062 1 5198 2666.140380859375 1223.589111328125 
1.362065555536986 -0.5138415191783389 4.352084149688253
44.0 98.0 81.0
2 0 5712 2719.938720703125 1035.930908203125 1 5226 2770.2421875 1258.07666015625 
-0.8258346352556566 0.005662762881919692 3.805996052042958
9.0 18.0 51.0
2 0 6376 1222.051513671875 1374.484130859375 1 5246 1206.03759765625 1286.053955078125 
0.9405697769482393 -0.2652395273644316 4.0739350439092386
34.0 52.0 53.0
2 0 5754 2487.91064453125 1185.817138671875 1 5275 2450.734375 1355.408447265625 
0.9000077940248128 -0.2577470705413846 4.087467931345861
31.0 30.0 16.0
2 0 5755 2457.675048828125 1191.20458984375 1 5277 2421.2109375 1355.76123046875 
-0.09188544454981241 0.025655705373735852 3.565776724862005
9.0 7.0 6.0
2 0 5810 1762.4952392578125 1390.14453125 1 5296 1624.811279296875 1395.0230712890625 
-0.8328982379039148 0.22184649967955286 3.5912748281862323
151.0 174.0 190.0
2 0 5853 1179.8277587890625 1544.9854736328125 1 5309 1102.8240966796875 1425.131103515625 
-0.07473227599361608 0.1315536558936497 3.5595240402362696
24.0 25.0 35.0
2 0 5838 1775.9739990234375 1474.03662109375 1 5317 1619.086669921875 1475.9329833984375 
-0.558712995173888 0.4167609462381137 3.41011214725622
175.0 149.0 89.0
2 0 5905 1372.2813720703125 1716.1041259765625 1 5336 1195.0999755859375 1609.590087890625 
-0.5072047303090775 0.46032894461594837 3.3565983131011747
52.0 127.0 83.0
2 0 5930 1408.2303466796875 1757.5748291015625 1 5355 1206.0194091796875 1653.6551513671875 
-0.6507612576786955 0.5318877918941571 3.2852308932555325
184.0 179.0 154.0
2 0 5948 1275.465087890625 1828.0203857421875 1 5373 1068.3291015625 1685.97509765625 
-0.5170805781774699 0.5256831539550213 3.2990507092204346
174.0 175.0 179.0
2 0 5947 1392.3546142578125 1820.964599609375 1 5385 1168.8236083984375 1704.093505859375 
-0.45056601954570186 0.5444262711428188 3.2758312983572533
136.0 63.0 173.0
2 0 5952 1446.5894775390625 1840.03564453125 1 5394 1205.2408447265625 1732.266845703125 
-0.5018153137453453 0.5644183010719978 3.249596997467307
163.0 158.0 173.0
2 0 5959 1398.8719482421875 1861.1885986328125 1 5396 1155.76220703125 1740.2066650390625 
-0.46244846338539836 0.5851882517535 3.2331256078937844
135.0 60.0 175.0
2 0 5960 1431.0740966796875 1882.02197265625 1 5409 1174.938232421875 1764.780029296875 
-0.5252007868295513 0.601127443972105 3.224974473295076
136.0 77.0 175.0
2 0 5965 1375.0382080078125 1897.0252685546875 1 5412 1123.8072509765625 1766.46044921875 
1.8046446002312047 0.23953736351375512 3.5998426424434475
43.0 126.0 74.0
2 0 5858 3252.279296875 1557.3746337890625 1 5451 3088.989990234375 1894.9990234375 
-0.7356916697065466 0.87012986855872 2.950079409760316
32.0 13.0 152.0
2 0 6033 1130.4852294921875 2204.1884765625 1 5467 805.1491088867188 1971.5843505859375 
0.3728532880310722 0.6439176720085938 3.1862780971782305
157.0 174.0 183.0
2 0 5978 2166.124755859375 1941.675537109375 1 5471 1796.3714599609375 1984.6317138671875 
0.3122186172232346 0.6624580495004109 3.1723596544020034
50.0 140.0 181.0
2 0 5979 2113.516845703125 1960.0738525390625 1 5474 1740.4993896484375 1989.85498046875 
-0.46099711472804716 0.8523067560542761 2.969392685583473
29.0 14.0 152.0
2 0 6010 1396.5419921875 2181.66162109375 1 5483 1026.494873046875 2012.982421875 
-0.3578469373409338 0.8403932771345768 2.9808870952887827
34.0 37.0 152.0
2 0 6387 1496.0244140625 2166.875732421875 1 5493 1113.6903076171875 2023.955078125 
-0.2552430713967363 0.8264679559047517 2.9986076137979834
162.0 174.0 184.0
2 0 5986 1594.7784423828125 2149.66357421875 1 5502 1204.000732421875 2031.2808837890625 
-0.5854068276038661 0.9016792963007212 2.917663145456024
163.0 166.0 194.0
2 0 6071 1268.2044677734375 2243.2373046875 1 5505 898.0194091796875 2036.4669189453125 
