# Bundle file v0.3
16 6127
2826.526836150662 0 0
1.0 0.0 0.0
0.0 1.0 0.0
0.0 0.0 1.0
0.0 0.0 0.0
2826.526836150662 0 0
0.9544311478734758 -0.20735501964552297 0.2146277703297601
0.202200240036282 0.9782656520648427 0.04594972164679581
-0.21949088112764376 -0.0004580588966883632 0.9756144439704947
-0.9563884904232708 -0.13789884612209694 0.25749750217058714
2826.526836150662 0 0
0.748454108134059 -0.4962225261267192 0.4399768773261475
0.5137731684026279 0.8533539590883741 0.08845423640347871
-0.419348994808352 0.15984437766970425 0.8936420958530376
-1.989222017211254 -0.36967684018440816 0.978306094640486
2826.526836150662 0 0
0.43330793686506497 -0.6847130871216004 0.5860138395756098
0.6843317225361002 0.6730840752488279 0.28044236694409086
-0.5864591421237415 0.27950995683667146 0.7602235583357353
-2.259695573698697 -1.0695324503431634 1.3739205169272086
2826.526836150662 0 0
0.15799516593441765 -0.7378174183069182 0.6562491788827397
0.7415614523675902 0.5274972293501747 0.41452778602930757
-0.6520154445285987 0.4211557078691956 0.6304789685829104
-2.398876289231899 -1.5175729680148509 2.2322356109870496
2826.526836150662 0 0
-0.1825046861555956 -0.7107130886946283 0.6793960149201562
0.6936301248510598 0.3966645658538023 0.6012773670238368
-0.6968280199807918 0.5809854798135287 0.4205788663443436
-2.3870076071138655 -1.9385087532834238 3.2646228769345518
2826.526836150662 0 0
-0.6191028687693781 -0.599345256387237 0.5074415252298962
0.5490749871222818 0.13161137314894755 0.8253454458434447
-0.5614519537753807 0.7895971821783344 0.24760451025343222
-1.688226948223173 -3.17838297833325 3.7011292634755315
2826.526836150662 0 0
-0.9465922858026208 -0.30151954430071415 0.11423225841967384
0.13660487497209767 -0.054114861967691885 0.9891464450970213
-0.292065322475687 0.9519230778371259 0.09241375053673329
-0.042918033941676856 -3.613729930286163 4.181603700737019
2826.526836150662 0 0
-0.9868024732431682 0.04646468915173249 -0.1551190235374088
-0.15932852603132683 -0.1076343383413707 0.9813405474158805
0.028901550025061395 0.9931041646634295 0.11361698171620582
1.3037259785908857 -3.4131057803319584 4.088094344191128
2826.526836150662 0 0
-0.9520681252781472 0.229842861820575 -0.2018379144251204
-0.22172046564807707 -0.06396857714286408 0.9730097924744217
0.2107280710825068 0.9711232053701762 0.11186330966586155
1.5488722186047261 -3.4882307757486273 3.7955770605324193
2826.526836150662 0 0
-0.7259088882753689 0.49147693957168 -0.48115143540477257
-0.5183720130808653 0.06883942076680816 0.8523799564765592
0.4520472784757241 0.8681656247616264 0.20479674315024032
2.3188811598135635 -2.8320934241336233 3.1387420253572085
2826.526836150662 0 0
-0.4720661924223912 0.6553586576307572 -0.5896257625309785
-0.6308873714581461 0.21601437007855862 0.745197233257206
0.6157390961328159 0.7237698679746037 0.31148441968350105
2.6497982019359587 -2.3535924715140037 2.55218112061657
2826.526836150662 0 0
-0.13872253598520518 0.6878785037284727 -0.7124459432954273
-0.7807027958895558 0.366658725554231 0.5060281844573264
0.6093104319639244 0.6264060528788216 0.4861648428431568
2.7156315832937334 -1.4805322145413875 1.4659029381822468
2826.526836150662 0 0
0.2690615613895212 0.6584260236627515 -0.7029089895187647
-0.708913961051792 0.629421445461481 0.3182289110358114
0.6519561887186066 0.4126788283360776 0.6361205173822575
2.681741580375323 -0.6059269098087108 1.3489022856235708
2826.526836150662 0 0
0.6582284533617306 0.4944265347909038 -0.5676950809014317
-0.5610571406144387 0.8249814059012901 0.06797473709166445
0.5019463996788641 0.2737664727679232 0.8204277727122821
1.9126319101829978 -0.023204339593938368 0.7592747429154452
2826.526836150662 0 0
0.9187902525739547 0.27685021112293956 -0.2813866243734272
-0.3113623884284175 0.9464382229951269 -0.0854877366993517
0.24264775879294595 0.16615851063069334 0.9557789569234877
0.8987350838786471 0.39266779830052567 0.36517984210848814
1.1493046563970213 -0.9066027026247103 4.764279320777786
97.0 149.0 132.0
2 0 30 2517.2490234375 832.8246459960938 1 105 2656.02392578125 1020.6964721679688 
-0.40714769467978046 0.43802681468273663 3.3966998519149074
53.0 120.0 91.0
2 0 274 1496.5384521484375 1734.505615234375 1 268 1289.6044921875 1651.06884765625 
0.7081646768288209 0.828767055065962 3.0222528249654013
166.0 171.0 170.0
2 0 336 2497.64208984375 2144.98681640625 1 367 2017.2613525390625 2254.705322265625 
-0.20352217380294382 0.8475501969409226 2.9968521578505736
30.0 22.0 146.0
2 0 354 1643.3765869140625 2169.19287109375 1 345 1236.6646728515625 2060.224609375 
-0.43983179268913575 0.8685714715553592 2.973975712619851
98.0 94.0 207.0
2 0 372 1417.29541015625 2195.124755859375 1 339 1038.16259765625 2029.58740234375 
0.9191233162986573 0.8747626632311153 2.975933518925558
28.0 45.0 54.0
2 0 375 2708.310546875 2200.573974609375 1 396 2196.59326171875 2363.936279296875 
0.7129214224197086 0.8984025905418802 2.94848395146866
80.0 105.0 101.0
2 0 404 2518.763916015625 2230.96630859375 1 392 1997.25732421875 2338.947265625 
1.3307162572221518 0.9364400693429942 2.920076824991652
33.0 45.0 55.0
2 0 433 3123.399658203125 2275.801025390625 1 458 2584.820556640625 2557.10986328125 
-0.9722827793824856 0.9430371457145228 2.891986212462226
153.0 168.0 231.0
2 0 438 885.058837890625 2291.61572265625 1 330 582.4353637695312 1988.80712890625 
0.9349106397682455 1.0553433472209324 2.7978465891230213
11.0 29.0 36.0
2 0 484 2779.8310546875 2435.978759765625 1 464 2158.06005859375 2601.65185546875 
0.8454082669800606 1.060450678103506 2.7898654941630925
110.0 136.0 142.0
2 0 487 2691.831787109375 2443.7373046875 1 461 2067.329833984375 2583.24658203125 
0.9361628339201358 1.0696131977127594 2.7827614352783114
25.0 44.0 47.0
2 0 491 2786.194580078125 2455.657470703125 1 469 2154.55126953125 2622.7236328125 
1.5088872646910474 -2.9531965953760357 6.774478682743995
45.0 49.0 67.0
2 0 619 2464.9609375 138.55044555664062 1 662 2938.01708984375 326.674560546875 
0.6980967213497629 -2.927526020620396 6.733505864329216
47.0 52.0 67.0
2 0 621 2128.439453125 141.76255798339844 1 618 2581.552001953125 288.7254333496094 
0.8612658876680417 -2.878248971091965 6.685681029638405
41.0 48.0 65.0
2 0 650 2199.5048828125 153.6243896484375 1 642 2648.873291015625 309.2600402832031 
1.6920316942486802 -2.864333833671515 6.6896796818834385
52.0 54.0 64.0
2 0 663 2550.298095703125 160.15724182128906 1 695 3020.03564453125 359.935791015625 
-0.14955574611013733 -2.8165206092293893 6.609006915765749
145.0 160.0 163.0
2 0 666 1771.356689453125 165.10154724121094 1 600 2214.20068359375 271.3350830078125 
1.44129364106577 -2.819480020396621 6.646427805541629
43.0 50.0 67.0
2 0 673 2448.33251953125 171.53163146972656 1 693 2904.2568359375 357.8964538574219 
1.6436824119492448 -2.7802510110395153 6.609110982863804
52.0 57.0 66.0
2 0 689 2538.363037109375 181.71121215820312 1 720 2996.7314453125 379.3831481933594 
0.020783756226473174 -2.725337554341848 6.5272956048966035
30.0 80.0 62.0
2 0 697 1844.38134765625 190.28909301757812 1 632 2274.770263671875 302.2895202636719 
-0.6081531065997646 -2.5832186805387396 6.3780350970293895
59.0 93.0 83.0
2 0 721 1565.808349609375 224.9127655029297 1 636 1992.459228515625 303.9296569824219 
-0.6006037941086416 -2.546903678105429 6.341676812596318
161.0 172.0 169.0
2 0 725 1567.6409912109375 234.69839477539062 1 650 1989.8603515625 312.9539489746094 
-0.09498674264440293 -2.3772124856660803 6.174548297851135
21.0 94.0 54.0
2 0 745 1791.889892578125 282.12249755859375 1 725 2181.134033203125 383.3646545410156 
-0.30932230937961497 -2.3264353279228716 6.130624510414799
154.0 175.0 167.0
2 0 750 1692.7296142578125 297.3705749511719 1 728 2080.2744140625 386.3142395019531 
-1.542789300366843 -2.2078501126811743 6.014234532638794
46.0 98.0 144.0
2 0 758 1110.1942138671875 331.36639404296875 1 689 1537.8748779296875 350.47967529296875 
-1.8422061619757104 -1.9455850600233509 5.74278625508062
42.0 101.0 150.0
2 0 788 928.5960083007812 411.9590148925781 1 742 1348.704833984375 400.3152160644531 
0.32744972227710095 -1.8194649594510406 5.640361293278757
80.0 63.0 130.0
2 0 797 1999.450439453125 458.3701171875 1 776 2304.346923828125 578.4290771484375 
0.3469809407743765 -1.8170338944347426 5.63766888825372
165.0 154.0 187.0
2 0 798 2009.3250732421875 459.205810546875 1 777 2313.655517578125 580.4996948242188 
-2.8971286495193493 -0.8360715698109037 4.635228452831271
32.0 12.0 57.0
1 0 1017 68.69625854492188 860.2494506835938 
-2.8834938367582477 -0.7991712421201893 4.578795603445541
35.0 13.0 65.0
2 0 1052 55.34798049926758 876.863037109375 1 813 484.82501220703125 687.8045654296875 
-1.7806711579173906 -0.5528712252140964 4.374540809640725
81.0 86.0 87.0
3 0 1223 684.7958984375 1012.8203125 1 885 914.1234741210938 888.0374755859375 2 1197 1263.1864013671875 672.8140869140625 
1.2788734282463405 -0.5018010617246944 4.353729016108252
29.0 80.0 72.0
2 0 1261 2665.612548828125 1044.149169921875 1 1479 2706.932373046875 1255.948486328125 
1.2671127332218413 -0.45602258057369255 4.3144577991959885
30.0 72.0 61.0
2 0 1287 2665.486572265625 1071.496826171875 1 1514 2694.746337890625 1282.0428466796875 
0.8026281869895237 -0.10611010484974247 3.958994076944936
105.0 82.0 44.0
2 0 1377 2408.365234375 1293.9644775390625 1 1648 2323.657470703125 1443.46142578125 
-0.9639910751482034 -0.08148177164925392 3.903523916403536
165.0 172.0 199.0
2 0 1388 1137.3455810546875 1311.41455078125 1 1411 1160.232177734375 1215.284423828125 
-0.7675451116127175 -0.0013449263524450696 3.838984676269649
91.0 148.0 209.0
2 0 1418 1270.2672119140625 1369.7264404296875 1 1520 1249.5010986328125 1289.112548828125 
-2.1671520233084016 0.049510777162597615 3.7627400198764245
53.0 60.0 79.0
2 0 1455 207.43124389648438 1407.7158203125 1 1270 405.84405517578125 1141.612548828125 
-0.8025378878857606 0.40817088510813576 3.421725975220605
28.0 31.0 46.0
1 0 1581 1172.4478759765625 1707.952392578125 
-0.8102440384406853 0.4200032601395076 3.4080002496931
22.0 24.0 35.0
2 0 1591 1163.358642578125 1718.6544189453125 1 1684 1019.51611328125 1569.218994140625 
0.2461004458982094 0.43478215115212554 3.417958313119573
106.0 110.0 128.0
2 0 1609 2038.8555908203125 1729.47509765625 1 1796 1772.975341796875 1764.6646728515625 
-0.7157511250376188 0.4329201145312367 3.4007931693394893
137.0 71.0 173.0
2 0 1610 1240.4603271484375 1729.9412841796875 1 1697 1078.515869140625 1594.6600341796875 
0.27136177420943336 0.43681500457798095 3.39745613119879
52.0 115.0 153.0
2 0 1618 2061.146484375 1734.13671875 1 1802 1788.1837158203125 1771.7274169921875 
-0.4556926833488627 0.44275811628216777 3.3996037372908825
27.0 30.0 44.0
2 0 1625 1456.44677734375 1737.7999267578125 1 1722 1255.6331787109375 1646.447265625 
-0.44387294245874515 0.4452114256913873 3.3936992585281933
29.0 35.0 48.0
2 0 1631 1465.655029296875 1740.8768310546875 1 1725 1261.705810546875 1650.203369140625 
0.242265751925772 0.4491525447406345 3.3968710086000495
56.0 122.0 157.0
1 0 1636 2036.9102783203125 1743.3572998046875 
-0.32574737456885566 0.450283654425267 3.390511165404715
124.0 66.0 167.0
2 0 1637 1563.778076171875 1745.3505859375 1 1747 1343.38720703125 1674.84423828125 
-0.46275066777941365 0.450976131937055 3.3864225192950013
15.0 21.0 28.0
2 0 1639 1449.0723876953125 1745.945068359375 1 1729 1245.1214599609375 1652.070068359375 
0.2559789675171794 0.4555380122621403 3.3913938718537517
6.0 17.0 45.0
2 0 1644 2048.693115234375 1749.7666015625 1 1814 1772.0426025390625 1784.6351318359375 
-0.5095761089028287 0.45998452241417326 3.3811776694081637
43.0 113.0 73.0
2 0 1648 1409.3134765625 1753.794921875 1 1727 1209.16015625 1651.2220458984375 
-0.490153135502279 0.4670170211032076 3.3803446846084846
30.0 33.0 38.0
1 0 1655 1425.48876953125 1760.44384765625 
-0.4674273096564533 0.4748486147651537 3.3631821481609716
20.0 23.0 31.0
1 0 1666 1442.505126953125 1769.16064453125 
-0.5537747353885221 0.5335464451206702 3.304811318100026
165.0 173.0 173.0
2 0 1714 1361.6937255859375 1826.037841796875 1 1764 1140.04833984375 1702.56396484375 
-0.5187488525501786 0.5406883960332314 3.2972269152632014
130.0 68.0 168.0
2 0 1718 1390.6302490234375 1833.212158203125 1 1770 1161.010986328125 1714.7696533203125 
-0.41741191333642613 0.5496617059585149 3.2915222523448135
135.0 69.0 175.0
2 0 1725 1476.90087890625 1842.0704345703125 1 1780 1230.1436767578125 1740.1759033203125 
0.5902838630607414 0.5538629976044231 3.304785727296869
204.0 218.0 236.0
2 0 1729 2340.208251953125 1843.775634765625 1 1888 2005.250244140625 1938.9757080078125 
-0.4441346119778882 0.557045428887277 3.281496830951529
178.0 135.0 202.0
2 0 1735 1452.77294921875 1849.608642578125 1 1782 1206.2320556640625 1741.904052734375 
-0.49393490283994723 0.5740026380206718 3.2668395317194094
122.0 63.0 161.0
2 0 1746 1407.9739990234375 1866.53369140625 1 1783 1162.5369873046875 1746.8170166015625 
-0.2445239725622433 0.8337606601564811 3.0182373820571304
44.0 18.0 156.0
2 0 1788 1606.3515625 2150.853759765625 1 1950 1214.6953125 2035.6171875 
-0.29240085001120386 0.8336008346586639 3.0032000582763887
151.0 167.0 179.0
2 0 1794 1560.139892578125 2154.52685546875 1 1944 1171.380615234375 2027.395263671875 
0.702649649241765 0.8395974800804359 3.011297967598914
3.0 30.0 34.0
2 0 1800 2494.885009765625 2158.16845703125 1 2072 2008.7054443359375 2265.619384765625 
-0.4068942768695314 0.8530660128826129 2.9888728976715484
36.0 14.0 156.0
2 0 1817 1450.542236328125 2176.628662109375 1 1936 1072.797607421875 2021.07958984375 
-0.4429227364514262 0.8546601273245766 2.983329612882872
36.0 50.0 138.0
2 0 1820 1415.67724609375 2179.350830078125 1 1930 1042.2384033203125 2015.6600341796875 
0.7575741716514598 0.8572303511184589 2.9890646093889988
96.0 167.0 124.0
2 0 1822 2551.705322265625 2180.248779296875 1 2110 2051.904296875 2301.81103515625 
0.8599469484667204 0.8626960071699886 2.9854615073934223
54.0 121.0 82.0
2 0 1833 2649.50732421875 2186.676513671875 1 2143 2144.6904296875 2334.206787109375 
-0.32344054352404705 0.8637598569982602 2.973216511938205
47.0 156.0 184.0
2 0 1842 1527.8529052734375 2191.04736328125 1 1963 1129.7086181640625 2051.152099609375 
0.7829324358645476 0.8676001016959803 2.98336645305831
26.0 42.0 48.0
2 0 1849 2577.109130859375 2191.82080078125 1 2125 2072.4052734375 2319.240966796875 
0.8843990772910829 0.8665206517235686 2.981081278929237
132.0 154.0 160.0
2 0 1850 2673.888427734375 2191.509033203125 1 2157 2166.247314453125 2345.401123046875 
0.9034198868441399 0.8686311131897994 2.9802657755511412
36.0 47.0 61.0
2 0 1854 2692.159912109375 2193.78125 1 2164 2183.526611328125 2352.58740234375 
-0.7167400895095447 0.8671674685114318 2.9620757343701745
35.0 30.0 145.0
2 0 1862 1151.3765869140625 2197.068603515625 1 1897 822.00390625 1970.260009765625 
-0.7054006734531209 0.8740375265884044 2.960325476745068
120.0 157.0 183.0
2 0 1887 1161.8360595703125 2204.8232421875 1 1899 828.5802612304688 1978.0572509765625 
-0.5835909237592655 0.8799784441877524 2.964664408621533
32.0 13.0 146.0
2 0 1896 1278.9571533203125 2209.282958984375 1 1920 921.6727294921875 2008.6424560546875 
0.9359278146011104 0.882173229487853 2.970196014574374
27.0 43.0 56.0
2 0 1901 2726.00537109375 2209.559326171875 1 2186 2210.5234375 2376.69580078125 
0.7423985086927164 0.8860287660136676 2.9666976282134887
15.0 39.0 31.0
2 0 1912 2542.676513671875 2214.360595703125 1 2140 2029.4833984375 2329.806640625 
0.7505110640411368 0.8892211803681411 2.965325544685304
33.0 47.0 53.0
2 0 1921 2550.72509765625 2217.5673828125 1 2146 2036.0609130859375 2335.47998046875 
0.9365972011457482 0.8903643373228795 2.967466062816962
122.0 165.0 162.0
2 0 1922 2727.4404296875 2217.703857421875 1 2196 2209.205322265625 2385.775146484375 
0.9807068141019164 0.8897154827858322 2.9625152616029906
146.0 153.0 156.0
2 0 1927 2771.0498046875 2219.1611328125 1 2207 2250.89599609375 2397.920654296875 
0.9503211494504369 0.8922653609056067 2.96530782965955
26.0 43.0 56.0
2 0 1933 2741.194580078125 2220.587890625 1 2201 2221.72265625 2391.45458984375 
1.0088209508809831 0.8928035581748718 2.9586034262108676
141.0 164.0 166.0
2 0 1940 2799.135009765625 2223.013916015625 1 2217 2276.789794921875 2409.899169921875 
1.0156136730230962 0.8926827941451794 2.951241971494993
133.0 165.0 164.0
2 0 1943 2808.0498046875 2225.1259765625 1 2221 2282.908203125 2413.78662109375 
1.0279828787860723 0.8958178241292318 2.947289126904404
18.0 31.0 45.0
2 0 1955 2821.232177734375 2229.584716796875 1 2227 2294.01318359375 2421.083251953125 
-0.5914473508801996 0.8939581334506802 2.9373623395684434
154.0 161.0 204.0
2 0 1957 1266.18994140625 2229.848388671875 1 1939 900.4091796875 2023.556640625 
0.990694557968072 0.8981327345711136 2.9515826628848587
26.0 36.0 53.0
2 0 1959 2784.058349609375 2229.93505859375 1 4464 2257.895751953125 2412.31787109375 
0.6898843498619147 0.9036806167101337 2.956526390952434
30.0 48.0 55.0
2 0 1972 2494.910400390625 2234.256591796875 1 2145 1976.5029296875 2335.028076171875 
-0.581154498423809 0.8996645997146778 2.933488910251484
72.0 32.0 157.0
2 0 1979 1275.353515625 2236.433349609375 1 340 905.45849609375 2031.3331298828125 
0.7067648237395486 0.9028814673513954 2.9445739148469405
38.0 54.0 61.0
2 0 1987 2513.78173828125 2236.80517578125 1 2152 1990.2174072265625 2342.17822265625 
0.9874088198008172 0.9075862541978945 2.940141246806112
56.0 71.0 87.0
2 0 2007 2784.56201171875 2241.789306640625 1 2230 2251.9404296875 2424.462890625 
0.6667336092316156 0.9125680330176551 2.9368865618305287
44.0 52.0 59.0
2 0 2020 2477.009765625 2247.98876953125 1 2154 1950.296142578125 2343.12841796875 
0.9783691058535481 0.9187489153144602 2.92954126559698
12.0 26.0 38.0
1 0 2052 2779.295166015625 2256.115966796875 
-0.5997370387296646 0.9274657024320065 2.913461091868241
41.0 43.0 167.0
2 0 2107 1253.5045166015625 2269.9169921875 1 1965 876.7989501953125 2053.712158203125 
1.263935539540048 0.9327645981719397 2.927385004135568
17.0 33.0 45.0
2 0 2110 3055.722900390625 2270.371337890625 1 2371 2517.943603515625 2530.895751953125 
0.9734396191047502 0.9305664556474134 2.9189193150757373
43.0 59.0 72.0
2 0 2112 2777.956787109375 2270.7841796875 1 2262 2232.429931640625 2448.76806640625 
1.1497513705216524 0.9321688052985938 2.9188422517523476
137.0 166.0 170.0
2 0 2120 2948.7216796875 2272.435546875 1 2328 2404.25341796875 2500.23583984375 
1.1836918916775947 0.9330887956012671 2.9182419425505532
132.0 162.0 163.0
2 0 2131 2981.82666015625 2273.5517578125 1 2338 2437.74365234375 2511.07666015625 
1.34669071534848 0.9338905978967185 2.9169305014712625
33.0 44.0 58.0
2 0 2134 3140.2705078125 2274.348876953125 1 2417 2601.789306640625 2560.4443359375 
0.9618442634492398 0.9414593122518096 2.914863384296549
15.0 34.0 47.0
2 0 2161 2768.058349609375 2283.2802734375 1 2271 2218.898193359375 2456.577392578125 
0.9698081916560738 0.9414455531273846 2.9128665271600123
23.0 36.0 50.0
2 0 2163 2776.406494140625 2283.508056640625 1 2275 2226.326416015625 2459.8212890625 
-0.602447708646438 0.9677223272419462 2.8751270107008584
175.0 185.0 202.0
2 0 2280 1243.0338134765625 2320.541748046875 1 1997 848.5982666015625 2095.233154296875 
0.959514624602982 0.972232785566202 2.876884711332024
66.0 123.0 108.0
2 0 2290 2778.0576171875 2325.070556640625 1 2327 2207.09521484375 2498.62158203125 
0.976224941401366 0.975227231124712 2.874723236254438
23.0 42.0 55.0
2 0 2302 2795.2158203125 2329.122314453125 1 2334 2222.69775390625 2506.693359375 
0.9665568144742278 0.9808183720070689 2.86829886035737
36.0 116.0 81.0
2 0 2314 2787.819091796875 2336.388427734375 1 2341 2211.47265625 2511.93701171875 
0.9826313135368312 0.9807596671631958 2.867118946016145
31.0 52.0 60.0
2 0 2316 2804.08544921875 2337.287109375 1 2537 2227.263671875 2516.396484375 
-0.9028100483055513 0.986359774671353 2.844593028134187
58.0 37.0 160.0
2 0 2353 938.2743530273438 2350.3408203125 1 1960 599.9027099609375 2047.784423828125 
0.9220836819990165 0.9950815700230109 2.8553196810241825
24.0 52.0 63.0
2 0 2365 2748.12255859375 2354.87451171875 1 2347 2163.895751953125 2517.475341796875 
0.9875785675194895 1.004025748342801 2.846606696764507
28.0 52.0 52.0
2 0 2389 2815.929931640625 2366.368408203125 1 2398 2225.44140625 2548.851318359375 
0.9138534712067139 1.00501745040219 2.8491715779866156
23.0 55.0 61.0
2 0 2391 2741.947509765625 2367.269775390625 1 2362 2153.284423828125 2526.517333984375 
0.922179698660233 1.006201089095072 2.8468377599598624
6.0 33.0 43.0
2 0 2397 2750.937255859375 2368.844970703125 1 2370 2160.8310546875 2531.33056640625 
0.8974222558022273 1.0184028174219217 2.8330822960290414
7.0 38.0 47.0
2 0 2426 2730.67236328125 2385.659912109375 1 2388 2132.564208984375 2541.124755859375 
-0.6174726010758634 1.0435242685216275 2.7996555404607983
32.0 43.0 157.0
2 0 2510 1211.9146728515625 2423.02294921875 1 2033 784.5822143554688 2172.4970703125 
0.867487613320703 1.046071542373499 2.8076480158044514
9.0 44.0 47.0
2 0 2513 2708.6865234375 2423.53564453125 1 2432 2094.63720703125 2567.94287109375 
0.915883792838398 1.0467160705771277 2.804898093593094
51.0 128.0 91.0
2 0 2520 2758.281005859375 2424.564453125 1 2454 2141.7333984375 2584.703857421875 
-0.21308702426610862 1.046992437854919 2.8003513322471374
30.0 66.0 54.0
2 0 2524 1620.2293701171875 2426.109130859375 1 2080 1112.8782958984375 2275.238525390625 
0.9317490211343129 1.046956953278965 2.8026594535953753
33.0 48.0 57.0
2 0 2525 2775.037841796875 2426.051025390625 1 2462 2157.275390625 2590.1708984375 
0.8409171632988981 1.0477879418093825 2.798473758133887
27.0 55.0 66.0
2 0 2531 2684.681640625 2428.07470703125 1 2428 2066.846923828125 2565.7548828125 
0.8600702945642332 1.0548400458007203 2.799487040441385
50.0 119.0 98.0
2 0 2547 2703.721923828125 2435.010009765625 1 2445 2084.362060546875 2577.8603515625 
0.8428233076819137 1.0669087194454694 2.7847423439056422
23.0 45.0 57.0
2 0 2595 2690.833251953125 2453.30517578125 1 2461 2062.982177734375 2589.805908203125 
0.9332411015202642 1.0802182748758984 2.776206532353479
36.0 55.0 58.0
2 0 2642 2785.494140625 2469.629150390625 1 2492 2148.822265625 2634.450439453125 
0.860315565419282 1.0875936457303998 2.7653735885906023
92.0 112.0 123.0
2 0 2669 2714.67529296875 2481.424072265625 1 2486 2073.1318359375 2623.8125 
-0.19144230391890393 1.0884006268233215 2.75980329517235
41.0 68.0 58.0
2 0 2673 1639.2518310546875 2484.3349609375 1 2138 1105.4212646484375 2329.0361328125 
0.8569613799832656 1.0932389525445303 2.758477751303481
11.0 34.0 42.0
2 0 2692 2713.462646484375 2490.54150390625 1 2490 2067.794189453125 2630.635498046875 
0.9091134210118055 1.1053546617179504 2.745093267818098
43.0 54.0 62.0
2 0 2736 2771.4140625 2507.8525390625 1 2506 2115.5849609375 2665.049072265625 
0.6209952195392928 1.1113991791623539 2.735080081753235
41.0 50.0 59.0
2 0 2755 2477.0791015625 2518.06640625 1 2459 1828.0318603515625 2586.895263671875 
-0.3030582742222562 1.1197811519860963 2.722067364044448
51.0 76.0 140.0
2 0 2789 1520.63525390625 2532.396728515625 1 2148 987.4765014648438 2339.050048828125 
-0.4014217529841379 1.1355703913258341 2.705633635614004
92.0 108.0 177.0
2 0 2842 1415.94873046875 2555.610107421875 1 2142 893.6290283203125 2332.6259765625 
-0.8407927918876608 1.1366843878105117 2.700356413155813
59.0 59.0 159.0
1 0 2847 955.2432861328125 2559.43603515625 
-0.35097239074153747 1.1764148295385892 2.6669274883185485
58.0 76.0 117.0
2 0 2956 1463.3592529296875 2616.71484375 1 2203 908.302490234375 2394.689453125 
-0.6092687018427378 1.1800851198803066 2.664027581203155
35.0 12.0 150.0
2 0 2963 1188.8988037109375 2621.9091796875 1 2139 690.6146240234375 2330.16796875 
-0.35029299295403327 1.2047083113367842 2.6379607166241374
88.0 109.0 177.0
2 0 3019 1459.9736328125 2660.086669921875 1 2236 887.9729614257812 2431.0126953125 
-0.4416548461878739 1.2107192927015988 2.632950354381108
158.0 165.0 174.0
2 0 3035 1361.2081298828125 2669.609375 1 2220 806.4547729492188 2412.57080078125 
0.6674537411725118 0.8407624098637684 3.0112357773365512
37.0 49.0 61.0
2 0 3103 2461.8466796875 2158.992431640625 1 2066 1976.823974609375 2258.09814453125 
1.200995027549759 -3.152310224928808 6.9671428047484465
70.0 75.0 74.0
2 0 3130 2322.633056640625 91.73609161376953 1 2709 2808.61572265625 262.7463073730469 
2.6433106424607136 -3.0024855913554065 6.83882039560705
110.0 56.0 146.0
2 0 3163 2927.904296875 129.7799835205078 1 2866 3462.937744140625 378.0173034667969 
-3.7208195213697497 -2.957418630806656 6.78484337018568
132.0 131.0 117.0
2 0 3174 285.25201416015625 137.7706756591797 1 2571 939.7210083007812 94.70062255859375 
0.6984170781124432 -2.929454323672131 6.733595815892064
48.0 53.0 68.0
2 0 3179 2128.565185546875 140.9092254638672 1 2741 2581.8544921875 288.02044677734375 
0.7088762164348426 -2.8957652441898345 6.710676085923181
154.0 159.0 162.0
2 0 3195 2133.9111328125 150.14263916015625 1 2756 2583.777099609375 299.2420959472656 
1.3820600105384826 -2.8630144578948866 6.691390589519464
46.0 51.0 66.0
2 0 3220 2419.197509765625 161.25762939453125 1 2813 2878.37646484375 343.8223876953125 
-0.14669043423792766 -2.820349855496682 6.614209332997896
147.0 160.0 162.0
2 0 3223 1772.6458740234375 164.591552734375 1 2716 2215.904541015625 270.6548156738281 
-0.5322120481088568 -2.7657008016419167 6.543999609180807
146.0 163.0 159.0
2 0 3237 1605.457275390625 175.28546142578125 1 2705 2050.10888671875 261.662353515625 
0.12707198887299564 -2.7643243205230514 6.560180821810243
151.0 156.0 159.0
2 0 3243 1890.1336669921875 179.42874145507812 1 2754 2323.885498046875 297.22503662109375 
0.9977282794399271 -2.7261438030147125 6.548539952041563
124.0 129.0 128.0
2 0 3269 2266.055419921875 194.1001434326172 1 2836 2700.0771484375 356.71527099609375 
-0.4760556728893144 -2.6537843220578594 6.459432549266485
74.0 157.0 142.0
2 0 3278 1627.037109375 208.8223114013672 1 2749 2058.365478515625 295.2831726074219 
-0.05345720825007868 -2.623415994908517 6.425412319282735
72.0 153.0 128.0
2 0 3281 1811.848388671875 216.19915771484375 1 2790 2231.134521484375 323.52032470703125 
0.0011553561148173021 -2.432108747428761 6.244606140488462
160.0 167.0 164.0
2 0 3305 1835.892822265625 269.45269775390625 1 2864 2231.15771484375 376.9159240722656 
-0.4819667863062901 -2.4047047814452966 6.204915371186266
155.0 169.0 165.0
2 0 3308 1615.771484375 274.298828125 1 2835 2017.649169921875 355.8955993652344 
-0.38576159996748927 -2.3586888034430036 6.154381479649005
45.0 119.0 91.0
2 0 3312 1658.150634765625 286.4058837890625 1 2858 2051.479736328125 372.3473205566406 
-0.08275993325208086 -2.3543960579192635 6.157791202730267
159.0 174.0 166.0
2 0 3314 1797.3438720703125 289.1260986328125 1 2883 2183.660400390625 391.6852111816406 
-0.1270061989938678 -2.3315583752710447 6.133886235437947
163.0 178.0 170.0
2 0 3318 1776.807861328125 295.451171875 1 2887 2160.935302734375 395.08990478515625 
-0.2867681010963054 -2.328836743153835 6.133261991040432
43.0 108.0 82.0
2 0 3319 1703.192138671875 296.8140869140625 1 2876 2090.498046875 386.9015808105469 
-0.30986694511483137 -2.3228999642944137 6.126697928563387
160.0 175.0 171.0
2 0 3321 1692.384521484375 298.2833557128906 1 2875 2079.4775390625 387.1857604980469 
-2.2952816196908374 -2.288358522469105 6.065159371292494
127.0 109.0 146.0
2 0 3323 765.6890258789062 303.6979064941406 1 613 1255.26806640625 285.5118103027344 
-1.5039211019045464 -2.2169565327940433 5.998018644149171
41.0 95.0 148.0
2 0 3328 1126.617431640625 325.1202087402344 1 2815 1552.37158203125 345.0345458984375 
-0.1471097289227937 -2.200071733928039 6.003899220625043
125.0 80.0 136.0
2 0 3334 1766.097900390625 334.36737060546875 1 2916 2133.254150390625 429.9202575683594 
-1.2932514057726756 -1.9896049318360562 5.799296424486337
41.0 89.0 147.0
2 0 3391 1205.022705078125 400.2781066894531 1 2915 1592.144775390625 421.83636474609375 
2.5739376748533327 -1.9749196596337992 5.827872217099944
139.0 164.0 168.0
2 0 3401 3083.710205078125 412.11279296875 1 3001 3496.09521484375 696.3153076171875 
2.0269916766282328 -1.731146902640902 5.594963910450155
136.0 167.0 164.0
2 0 3421 2859.3984375 495.8535461425781 1 3017 3196.146240234375 744.9435424804688 
-0.5954979353409501 -1.6283690874237007 5.441619585074224
81.0 68.0 106.0
2 0 3426 1526.02197265625 524.1302490234375 1 2942 1825.8272705078125 575.4550170898438 
-2.970978667082856 -1.1391003245660125 4.949800740036347
112.0 82.0 153.0
1 0 3532 138.76768493652344 719.1671142578125 
1.8063899810236779 -1.137648732963685 5.000715781982414
59.0 119.0 155.0
2 0 3535 2856.3720703125 727.0784301757812 1 3202 3073.7548828125 978.5750122070312 
1.8438747771871058 -1.0846847018288408 4.952593169703801
14.0 31.0 64.0
2 0 3545 2887.724853515625 751.6044311523438 1 3252 3097.130615234375 1007.885986328125 
-2.694582592866385 -1.0267938271298656 4.839123245776074
127.0 94.0 175.0
2 0 3559 261.4724426269531 770.75341796875 1 2963 680.1803588867188 626.0204467773438 
-2.9313890816158255 -1.0067500538856757 4.7884929144287165
49.0 9.0 104.0
2 0 3563 105.033935546875 776.0319213867188 1 784 558.4489135742188 611.0322875976562 
-2.833741933078744 -0.9869301194619853 4.774463855928431
40.0 7.0 92.0
2 0 3569 157.78981018066406 786.4541625976562 1 2962 594.31396484375 625.4877319335938 
-2.8293795423681303 -0.8428260391345426 4.629006065976438
14.0 10.0 46.0
2 0 3640 107.69634246826172 855.5259399414062 1 811 531.5643920898438 677.0901489257812 
-2.8942276697514773 -0.8360294347410712 4.631654580260505
25.0 11.0 52.0
2 0 3648 69.07929229736328 859.5484619140625 1 810 502.8178405761719 676.2904052734375 
1.3700638385999167 -0.803157877256578 4.670887595078339
196.0 188.0 175.0
2 0 3693 2664.45166015625 884.3780517578125 1 3403 2787.325439453125 1098.84228515625 
-1.6988659838511981 -0.5497016911713071 4.37474816430019
163.0 168.0 169.0
2 0 3867 737.75537109375 1015.6083984375 1 892 955.5516357421875 896.9843139648438 
1.2848674974562762 -0.5411673585384782 4.388681634725834
163.0 173.0 157.0
2 0 3878 2662.85107421875 1021.2498779296875 1 3676 2714.3974609375 1233.27294921875 
1.2970494593421753 -0.521342054816782 4.39453682842402
184.0 193.0 180.0
2 0 3892 2669.5810546875 1034.423828125 1 3703 2719.587158203125 1248.0927734375 
1.1969360267576687 -0.5099721038305917 4.376511316906495
181.0 188.0 175.0
2 0 3902 2608.38427734375 1040.753173828125 1 3689 2651.270263671875 1241.24853515625 
1.2809816858406524 -0.503475829111266 4.360438757461605
29.0 80.0 72.0
2 0 3905 2665.759033203125 1044.423095703125 1 3713 2708.325927734375 1254.627197265625 
1.2644275205845064 -0.5006393850956768 4.361010735992213
178.0 187.0 190.0
2 0 3907 2654.8662109375 1045.4898681640625 1 3712 2696.503173828125 1255.2120361328125 
-1.8733456101651198 -0.4850045982931048 4.306328510006344
37.0 50.0 64.0
2 0 3913 605.7545166015625 1051.8812255859375 1 903 837.3958129882812 909.1488647460938 
1.2441305985263509 -0.4323719707295558 4.291155656750772
175.0 177.0 177.0
2 0 3954 2654.81396484375 1084.81884765625 1 3762 2676.73486328125 1294.1253662109375 
0.9068469731690201 -0.26094102887023224 4.106575622923826
28.0 27.0 13.0
3 0 3979 2459.514404296875 1190.2685546875 1 3834 2422.634521484375 1355.17138671875 2 5267 2253.1826171875 1528.4703369140625 
-2.3726875103751435 -0.11320211305824765 3.930358378130264
68.0 74.0 73.0
2 0 4020 129.01641845703125 1288.6441650390625 1 1101 392.984130859375 1034.0325927734375 
-2.364010763150317 -0.10075510343994588 3.913675007567321
175.0 180.0 179.0
2 0 4032 128.0491485595703 1297.890869140625 1 1108 388.64605712890625 1040.2904052734375 
0.8361484151873873 -0.10003212240941398 3.9626276540682586
143.0 113.0 48.0
2 0 4034 2431.76953125 1298.678955078125 1 3904 2346.78173828125 1452.4715576171875 
-0.9667811018555172 -0.08105658557732552 3.905832782473682
164.0 170.0 193.0
2 0 4044 1135.741455078125 1311.792724609375 1 3642 1159.1990966796875 1215.3275146484375 
-0.9619168478007447 -0.06592428484107858 3.8939778751601293
35.0 93.0 159.0
2 0 4053 1137.1180419921875 1322.224853515625 1 3662 1156.4610595703125 1225.3048095703125 
-2.192888944954755 0.08146548103718305 3.731977999169681
153.0 157.0 162.0
2 0 4135 174.52865600585938 1432.3673095703125 1 2528 373.51556396484375 1156.12939453125 
1.6569151743100083 0.34494781018139836 3.51895984318759
151.0 178.0 158.0
2 0 4229 3166.17431640625 1646.1400146484375 1 4163 2947.142333984375 1962.2508544921875 
-0.7239279266525592 0.39968099399076273 3.43705339889588
137.0 74.0 178.0
2 0 4255 1240.0281982421875 1699.0830078125 1 1683 1091.1766357421875 1567.8218994140625 
-0.8186816175994616 0.40617719032701793 3.4315050172809163
42.0 44.0 54.0
2 0 4263 1161.02099609375 1705.0367431640625 1 1678 1024.778564453125 1557.2017822265625 
-0.8057260705910306 0.40871152581024783 3.427836439088527
57.0 59.0 77.0
2 0 4267 1170.9864501953125 1707.556396484375 1 2532 1031.6798095703125 1561.1448974609375 
0.23548207360714024 0.42587096341432296 3.426195591643658
5.0 20.0 52.0
2 0 4286 2029.5963134765625 1721.0869140625 1 4051 1767.9349365234375 1755.3211669921875 
0.2421449576663582 0.4511805482255336 3.3944546353223557
48.0 117.0 160.0
2 0 4319 2037.0087890625 1746.271728515625 1 4073 1762.8739013671875 1777.909423828125 
0.25706801206424684 0.453763404400044 3.389474475428792
5.0 16.0 43.0
2 0 4323 2049.72802734375 1748.6041259765625 1 4078 1772.8245849609375 1783.4949951171875 
-0.4150429976850036 0.4612386830270355 3.3738830726888818
160.0 174.0 170.0
2 0 4332 1487.6513671875 1756.737060546875 1 4000 1273.18701171875 1667.943115234375 
-0.4677332671105406 0.47462305429123597 3.3638699947719424
28.0 31.0 39.0
2 0 4343 1442.31201171875 1768.6082763671875 1 1743 1230.5223388671875 1669.8116455078125 
-0.33532586182688684 0.48871692167171543 3.3507685263822036
137.0 78.0 169.0
2 0 4354 1552.488525390625 1782.4195556640625 1 4031 1318.2744140625 1704.339599609375 
-0.5218330301638677 0.5306750509805301 3.313834038587806
178.0 178.0 184.0
2 0 4371 1390.26123046875 1822.9244384765625 1 4032 1166.3819580078125 1705.0631103515625 
-0.4859330972600849 0.5433033055419708 3.2950502509791186
131.0 65.0 170.0
2 0 4378 1418.497314453125 1835.953857421875 1 4039 1183.227294921875 1722.6767578125 
-0.6005149122192756 0.5430152721838561 3.2884330056518145
172.0 143.0 76.0
2 0 4379 1319.17919921875 1836.788818359375 1 4028 1099.642822265625 1702.048828125 
-0.2598087529820125 0.5495121593214816 3.289466695747732
50.0 120.0 174.0
2 0 4384 1612.0965576171875 1842.1683349609375 1 4065 1344.1834716796875 1769.4556884765625 
-0.5028997069100719 0.5677682015424229 3.2813704850252017
169.0 162.0 175.0
2 0 4397 1402.1683349609375 1859.3863525390625 1 1779 1162.3714599609375 1738.9931640625 
-0.5290706573124431 0.6027764564805084 3.2419974848281194
134.0 80.0 169.0
2 0 4410 1374.0372314453125 1894.91357421875 1 4062 1123.4661865234375 1764.9486083984375 
-0.43234996126214836 0.6060794102701857 3.234041474967558
126.0 60.0 166.0
2 0 4412 1457.4788818359375 1899.854248046875 1 1816 1190.1837158203125 1785.594970703125 
-0.28256869664539164 0.8316489705003757 3.009530638095111
36.0 8.0 161.0
2 0 4448 1569.945068359375 2150.890869140625 1 4215 1181.849365234375 2027.041748046875 
0.786893178513352 0.8528148310524342 3.0011345722496845
69.0 138.0 105.0
2 0 4469 2576.4501953125 2173.075927734375 1 4348 2081.121337890625 2301.9501953125 
-0.406473899585968 0.8547030001435475 2.988463860163285
33.0 13.0 156.0
3 0 4471 1450.9110107421875 2178.742919921875 1 4209 1072.750732421875 2022.2154541015625 2 2651 832.9533081054688 1665.995361328125 
-0.44244134905637433 0.8548554172037804 2.9807561586257902
44.0 43.0 146.0
2 0 4475 1415.7734375 2180.2734375 1 4200 1041.494384765625 2016.291015625 
-0.41794655868884883 0.8545149180493341 2.9840719921361467
170.0 177.0 192.0
2 0 4476 1439.469482421875 2179.588134765625 1 4207 1062.02734375 2020.37255859375 
0.7839253623315848 0.8687603312413376 2.9848333886047866
26.0 42.0 48.0
2 0 4500 2577.655517578125 2191.94677734375 1 4362 2073.146484375 2320.732177734375 
0.9036592713808366 0.8669032677072688 2.979611567772251
32.0 43.0 57.0
2 0 4501 2692.56494140625 2192.12451171875 1 4396 2183.98828125 2351.4169921875 
0.8852572051594475 0.8674287625760384 2.9801882470200125
120.0 147.0 151.0
2 0 4503 2674.967529296875 2192.888916015625 1 4395 2166.844482421875 2346.454345703125 
-0.4288041480931781 0.869538566641426 2.9743588023432204
22.0 14.0 155.0
2 0 4510 1427.8505859375 2196.354248046875 1 4224 1046.78662109375 2032.405517578125 
0.8690982953702897 0.8757895372526466 2.9748010051653897
33.0 51.0 58.0
2 0 4530 2661.126953125 2202.176025390625 1 4398 2149.566650390625 2351.602783203125 
0.7611177390379167 0.8783882056201121 2.969435646492905
33.0 46.0 54.0
2 0 4540 2559.8291015625 2206.0419921875 1 4372 2048.47802734375 2327.154052734375 
0.9986306255928471 0.8812249963771727 2.967989065055155
41.0 48.0 63.0
2 0 4546 2786.369384765625 2209.030517578125 1 4443 2269.89794921875 2393.62939453125 
1.0387993495885957 0.8827849552096154 2.9722192181268103
198.0 203.0 202.0
2 0 4547 2823.195556640625 2208.925048828125 1 4454 2308.066650390625 2405.15771484375 
0.7971605985853586 0.8815060388350594 2.9663002695005063
20.0 44.0 50.0
2 0 4550 2594.93701171875 2209.847412109375 1 4389 2080.67138671875 2340.41259765625 
-0.6039203852546612 0.883324156405231 2.957879054234518
27.0 12.0 157.0
2 0 4557 1258.2642822265625 2214.602783203125 1 1918 902.5101318359375 2007.8980712890625 
0.8289175271087073 0.8881355322633604 2.9629933596153273
22.0 41.0 46.0
2 0 4566 2626.074951171875 2217.025634765625 1 4401 2108.3955078125 2355.98681640625 
0.9366330703735856 0.8903226573189991 2.96422221701079
125.0 171.0 165.0
5 0 4569 2728.44921875 2218.55908203125 1 4435 2208.973388671875 2386.72705078125 2 6058 1479.645751953125 2318.45751953125 3 4156 1218.5126953125 2220.472900390625 4 2341 1130.734619140625 2010.11083984375 
0.958456809861131 0.8918563428603009 2.9625159970981247
36.0 52.0 64.0
2 0 4575 2749.783935546875 2220.4775390625 1 4444 2229.17431640625 2394.6103515625 
1.0095324159726646 0.8941993155329687 2.959933822980329
141.0 164.0 166.0
2 0 4580 2799.380126953125 2223.94189453125 1 4461 2277.265380859375 2411.03271484375 
0.9830213756481766 0.8961956269929295 2.955331275201736
13.0 24.0 38.0
2 0 4584 2775.52978515625 2227.260009765625 1 4456 2251.2734375 2406.98486328125 
0.950528136967074 0.8983734163358915 2.9482706236154046
111.0 157.0 151.0
2 0 4593 2746.651123046875 2231.82470703125 1 4451 2219.465087890625 2401.879150390625 
-0.7561904574534338 0.9015901583565769 2.9395109262287984
107.0 116.0 203.0
2 0 4603 1108.1722412109375 2236.1328125 1 1907 775.1798095703125 1994.2158203125 
-0.5809648541776862 0.9016464321850416 2.943152012010858
63.0 31.0 166.0
2 0 4604 1277.3758544921875 2235.5234375 1 4223 909.7459716796875 2031.5001220703125 
-0.6081125459835005 0.9051424857227992 2.9317394217355703
35.0 9.0 163.0
2 0 4620 1249.062255859375 2242.88232421875 1 4221 883.1065673828125 2029.7548828125 
-0.5678201738458596 0.9092095747440115 2.9339930764172464
50.0 138.0 179.0
2 0 4624 1288.2939453125 2245.44482421875 1 4235 914.2103271484375 2042.365966796875 
1.0637262898254352 0.9135864077292543 2.9368540525951463
33.0 46.0 60.0
2 0 4632 2859.107666015625 2249.178955078125 1 4502 2324.3291015625 2451.811279296875 
0.9666393807877665 0.9199081330221184 2.9359439122372764
40.0 55.0 71.0
2 0 4643 2766.001953125 2256.456787109375 1 4478 2229.619140625 2430.209716796875 
0.9783553326596054 0.9194837613508972 2.9320286346381743
10.0 23.0 39.0
2 0 4644 2778.476806640625 2255.98779296875 1 4484 2240.353515625 2435.494384765625 
-0.20382910878149693 0.9189234631405737 2.9238044452743046
48.0 55.0 152.0
2 0 4649 1638.25341796875 2257.56298828125 1 4271 1195.447021484375 2135.857666015625 
0.951618022629859 0.9416569701677842 2.914332726568801
115.0 160.0 157.0
